"","Retsoinint","ratiopersopatient","cadre"
"1",61,0,6
"2",66,2,8
"3",66,0,8
"4",56,1,8
"5",45,0,9
"6",60,3,9
"7",45,0,10
"8",65,4,10
"9",47,1,10
"10",41,1,10
"11",62,0,10
"12",44,1,11
"13",37,0,11
"14",47,4,11
"15",43,2,11
"16",58,4,12
"17",65,1,13
"18",62,2,13
"19",71,2,14
"20",57,1,15
"21",89,3,15
"22",59,0,15
"23",97,2,15
"24",55,3,15
"25",69,3,15
"26",51,2,16
"27",56,3,16
"28",88,2,16
"29",87,3,17
"30",56,4,18
"31",45,1,19
"32",64,0,19
"33",79,3,19
"34",88,4,20
"35",87,4,20
"36",51,1,20
"37",54,2,20
"38",92,3,20
"39",83,4,20
"40",94,4,20
