"","ID","CONTRACE","ATTITUDE","pression","attitudec","att_pre"
"1",1,3,1,1,-2,-2
"2",2,4,1,1,-2,-2
"3",3,5,1,1,-2,-2
"4",4,6,1,1,-2,-2
"5",5,7,1,1,-2,-2
"6",6,3,1,1,-2,-2
"7",7,4,1,1,-2,-2
"8",8,5,1,1,-2,-2
"9",9,6,1,1,-2,-2
"10",10,7,1,1,-2,-2
"11",26,8,2,1,-1,-1
"12",27,9,2,1,-1,-1
"13",28,10,2,1,-1,-1
"14",29,11,2,1,-1,-1
"15",30,12,2,1,-1,-1
"16",31,7,2,1,-1,-1
"17",32,8,2,1,-1,-1
"18",33,9,2,1,-1,-1
"19",34,10,2,1,-1,-1
"20",35,11,2,1,-1,-1
"21",51,13,3,1,0,0
"22",52,14,3,1,0,0
"23",53,15,3,1,0,0
"24",54,16,3,1,0,0
"25",55,17,3,1,0,0
"26",56,11,3,1,0,0
"27",57,12,3,1,0,0
"28",58,13,3,1,0,0
"29",59,14,3,1,0,0
"30",60,15,3,1,0,0
"31",76,18,4,1,1,1
"32",77,19,4,1,1,1
"33",78,20,4,1,1,1
"34",79,21,4,1,1,1
"35",80,22,4,1,1,1
"36",81,15,4,1,1,1
"37",82,16,4,1,1,1
"38",83,17,4,1,1,1
"39",84,18,4,1,1,1
"40",85,19,4,1,1,1
"41",101,23,5,1,2,2
"42",102,24,5,1,2,2
"43",103,25,5,1,2,2
"44",104,26,5,1,2,2
"45",105,27,5,1,2,2
"46",106,19,5,1,2,2
"47",107,20,5,1,2,2
"48",108,21,5,1,2,2
"49",109,22,5,1,2,2
"50",110,23,5,1,2,2
"51",11,3,1,2,-2,-4
"52",12,4,1,2,-2,-4
"53",13,5,1,2,-2,-4
"54",14,6,1,2,-2,-4
"55",15,7,1,2,-2,-4
"56",36,6,2,2,-1,-2
"57",37,7,2,2,-1,-2
"58",38,8,2,2,-1,-2
"59",39,9,2,2,-1,-2
"60",40,10,2,2,-1,-2
"61",61,9,3,2,0,0
"62",62,10,3,2,0,0
"63",63,11,3,2,0,0
"64",64,12,3,2,0,0
"65",65,13,3,2,0,0
"66",86,12,4,2,1,2
"67",87,13,4,2,1,2
"68",88,14,4,2,1,2
"69",89,15,4,2,1,2
"70",90,16,4,2,1,2
"71",111,15,5,2,2,4
"72",112,16,5,2,2,4
"73",113,17,5,2,2,4
"74",114,18,5,2,2,4
"75",115,19,5,2,2,4
"76",16,3,1,3,-2,-6
"77",17,4,1,3,-2,-6
"78",18,5,1,3,-2,-6
"79",19,6,1,3,-2,-6
"80",20,7,1,3,-2,-6
"81",21,3,1,3,-2,-6
"82",22,4,1,3,-2,-6
"83",23,5,1,3,-2,-6
"84",24,6,1,3,-2,-6
"85",25,7,1,3,-2,-6
"86",41,5,2,3,-1,-3
"87",42,6,2,3,-1,-3
"88",43,7,2,3,-1,-3
"89",44,8,2,3,-1,-3
"90",45,9,2,3,-1,-3
"91",46,4,2,3,-1,-3
"92",47,5,2,3,-1,-3
"93",48,6,2,3,-1,-3
"94",49,7,2,3,-1,-3
"95",50,8,2,3,-1,-3
"96",66,7,3,3,0,0
"97",67,8,3,3,0,0
"98",68,9,3,3,0,0
"99",69,10,3,3,0,0
"100",70,11,3,3,0,0
"101",71,5,3,3,0,0
"102",72,6,3,3,0,0
"103",73,7,3,3,0,0
"104",74,8,3,3,0,0
"105",75,9,3,3,0,0
"106",91,9,4,3,1,3
"107",92,10,4,3,1,3
"108",93,11,4,3,1,3
"109",94,12,4,3,1,3
"110",95,13,4,3,1,3
"111",96,6,4,3,1,3
"112",97,7,4,3,1,3
"113",98,8,4,3,1,3
"114",99,9,4,3,1,3
"115",100,10,4,3,1,3
"116",116,11,5,3,2,6
"117",117,12,5,3,2,6
"118",118,13,5,3,2,6
"119",119,14,5,3,2,6
"120",120,15,5,3,2,6
"121",121,7,5,3,2,6
"122",122,8,5,3,2,6
"123",123,9,5,3,2,6
"124",124,10,5,3,2,6
"125",125,11,5,3,2,6
