"","ID","FEPRES","Genre","ITSS","pacemaker","degree","partner","SSE"
"1",1,1,0,1,43.4,1,12,43.4
"2",2,1,0,0,38.9,3,17,38.9
"3",3,1,0,1,35.1,4,18,35.1
"4",4,1,1,1,62.5,0,6,62.5
"5",5,1,1,1,17.1,0,8,17.1
"6",6,1,1,1,69.2,3,17,69.2
"7",7,1,0,1,29.8,1,12,29.8
"8",8,1,1,0,37.7,1,13,37.7
"9",9,1,1,1,37.7,1,13,37.7
"10",10,1,1,1,NA,1,13,NA
"11",11,1,1,0,92.3,4,19,92.3
"12",12,0,1,1,80.9,4,16,80.9
"13",13,1,1,0,76.4,3,16,76.4
"14",14,1,0,1,37.4,1,13,37.4
"15",15,1,1,1,38.4,3,16,38.4
"16",16,1,0,0,38.9,3,16,38.9
"17",17,1,0,1,62.5,1,15,62.5
"18",18,1,0,0,83.9,4,19,83.9
"19",19,1,0,1,17.1,1,13,17.1
"20",20,1,1,0,37.7,1,12,37.7
"21",21,1,0,1,39.4,1,12,39.4
"22",22,1,1,1,27.5,0,4,27.5
"23",23,1,0,0,49.9,1,15,49.9
"24",24,1,1,1,29.3,1,12,29.3
"25",25,1,1,0,29.3,0,11,29.3
"26",26,1,1,0,52.5,1,16,52.5
"27",27,1,1,1,53.7,3,20,53.7
"28",28,1,0,0,76.3,3,17,76.3
"29",29,1,1,0,72.5,3,16,72.5
"30",30,1,1,0,33.9,3,16,33.9
"31",31,1,1,1,78.7,4,20,78.7
"32",32,1,0,1,28.4,0,3,28.4
"33",33,1,0,1,60.6,2,15,60.6
"34",34,1,1,0,63.5,3,16,63.5
"35",35,1,0,0,67,3,16,67
"36",36,1,1,1,63.5,2,14,63.5
"37",37,1,0,0,NA,0,9,NA
"38",38,1,1,1,28.4,4,17,28.4
"39",39,1,1,1,NA,0,10,NA
"40",40,1,1,0,69.2,3,16,69.2
"41",41,1,0,0,50.7,1,14,50.7
"42",42,1,1,1,22.5,0,8,22.5
"43",43,1,1,1,56.6,4,18,56.6
"44",44,1,1,0,NA,0,12,NA
"45",45,0,0,0,37.6,0,10,37.6
"46",46,1,1,1,67,3,16,67
"47",47,1,1,0,33.1,0,7,33.1
"48",48,0,0,0,32.1,0,9,32.1
"49",49,0,0,1,34.2,1,12,34.2
"50",50,1,1,1,23.3,1,12,23.3
"51",51,1,1,0,31.4,1,13,31.4
"52",52,1,1,1,96,4,18,96
"53",53,1,0,1,53.7,1,12,53.7
"54",54,0,0,0,28.6,1,12,28.6
"55",55,1,1,0,97.2,4,20,97.2
"56",56,1,0,0,63.5,3,16,63.5
"57",57,1,0,0,33.9,3,16,33.9
"58",58,1,0,0,53.7,1,12,53.7
"59",59,1,0,0,60.6,1,13,60.6
"60",60,1,0,0,29.6,0,11,29.6
"61",61,1,0,1,28.6,1,12,28.6
"62",62,1,1,0,33.1,3,17,33.1
"63",63,1,0,1,63.5,1,12,63.5
"64",64,1,1,1,38.9,1,12,38.9
"65",65,1,0,1,63.5,3,16,63.5
"66",66,1,1,1,38,3,16,38
"67",67,0,0,0,28.6,2,14,28.6
"68",68,0,1,1,NA,0,6,NA
"69",69,0,1,1,38,1,12,38
"70",70,1,1,1,36.5,1,12,36.5
"71",71,1,1,1,29.3,0,8,29.3
"72",72,1,0,0,81,3,16,81
"73",73,1,1,1,NA,1,10,NA
"74",74,1,1,0,36.5,3,15,36.5
"75",75,1,1,0,NA,1,10,NA
"76",76,1,1,1,NA,0,10,NA
"77",77,1,1,1,69.2,4,18,69.2
"78",78,0,0,1,45.8,1,15,45.8
"79",79,1,0,0,28.4,0,10,28.4
"80",80,1,1,0,38,1,12,38
"81",81,1,0,1,69.2,1,12,69.2
"82",82,1,1,0,29.3,1,13,29.3
"83",83,1,1,0,50.5,3,16,50.5
"84",84,1,1,1,68.1,1,12,68.1
"85",85,1,1,1,33.9,1,12,33.9
"86",86,1,1,1,76.4,3,16,76.4
"87",87,1,0,1,39,1,16,39
"88",88,1,1,1,63.5,3,16,63.5
"89",89,1,0,1,76.4,3,16,76.4
"90",90,1,0,1,73.9,4,20,73.9
"91",91,1,1,0,NA,0,11,NA
"92",92,1,0,1,38.9,3,16,38.9
"93",93,1,1,0,38.9,3,16,38.9
"94",94,1,0,1,52.5,1,13,52.5
"95",95,1,1,1,50.7,3,16,50.7
"96",96,1,0,1,64.1,1,15,64.1
"97",97,1,0,1,32.1,0,12,32.1
"98",98,1,0,1,35.1,1,13,35.1
"99",99,1,0,0,22.7,0,7,22.7
"100",100,1,1,0,30.8,1,11,30.8
"101",101,1,0,1,29.4,1,14,29.4
"102",102,1,1,0,33.1,0,10,33.1
"103",103,1,1,1,NA,1,12,NA
"104",104,1,1,1,26.4,1,14,26.4
"105",105,0,0,1,NA,1,NA,NA
"106",106,1,1,1,NA,0,9,NA
"107",107,1,0,1,29.2,0,8,29.2
"108",108,1,0,0,28.6,0,11,28.6
"109",109,1,0,0,53.3,3,16,53.3
"110",110,1,1,0,29.3,1,13,29.3
"111",111,1,1,0,NA,1,13,NA
"112",112,1,1,0,48.9,1,12,48.9
"113",113,1,1,1,22.5,3,16,22.5
"114",114,1,0,1,44.7,1,15,44.7
"115",115,1,1,1,29.3,1,11,29.3
"116",116,1,1,0,38.9,1,13,38.9
"117",117,1,1,1,28.4,0,9,28.4
"118",118,1,0,1,87,4,20,87
"119",119,1,1,0,33.6,2,14,33.6
"120",120,1,1,1,80.3,3,16,80.3
"121",121,1,1,1,38.4,1,14,38.4
"122",122,1,0,1,53.7,0,14,53.7
"123",123,0,1,1,50.7,1,14,50.7
"124",124,1,0,1,58.3,3,16,58.3
"125",125,1,1,1,63.5,1,14,63.5
"126",126,1,1,0,62.5,1,13,62.5
"127",127,1,1,1,26.4,1,12,26.4
"128",128,1,0,1,35.1,2,14,35.1
"129",129,1,0,0,37.3,1,13,37.3
"130",130,1,1,1,70.5,1,10,70.5
"131",131,1,0,1,38.1,1,12,38.1
"132",132,1,1,1,37.6,1,12,37.6
"133",133,1,1,1,73.6,0,8,73.6
"134",134,1,1,1,33.9,1,12,33.9
"135",135,0,0,0,92.3,4,20,92.3
"136",136,1,0,1,49.9,1,13,49.9
"137",137,1,1,1,36.5,1,12,36.5
"138",138,1,1,0,33.1,0,11,33.1
"139",139,1,1,1,50.3,1,14,50.3
"140",140,1,1,1,31.4,2,14,31.4
"141",141,1,1,1,36.5,1,14,36.5
"142",142,1,0,0,36.2,1,14,36.2
"143",143,1,1,0,22.7,0,12,22.7
"144",144,1,1,1,48.5,0,10,48.5
"145",145,1,0,0,33.1,1,12,33.1
"146",146,1,1,0,50.5,1,13,50.5
"147",147,1,1,0,33.1,4,16,33.1
"148",148,1,0,0,60.5,1,15,60.5
"149",149,1,0,0,30.7,1,12,30.7
"150",150,1,0,1,38.1,1,14,38.1
"151",151,1,1,1,50.5,2,14,50.5
"152",152,1,1,1,22.7,0,10,22.7
"153",153,1,1,1,76.3,4,18,76.3
"154",154,1,0,0,76.3,1,14,76.3
"155",155,1,0,1,33.1,1,12,33.1
"156",156,1,1,0,NA,1,14,NA
"157",157,1,0,1,28.4,1,12,28.4
"158",158,1,1,1,45.8,1,13,45.8
"159",159,1,0,1,74.4,4,20,74.4
"160",160,1,1,1,36.5,0,11,36.5
"161",161,1,1,1,63.5,1,14,63.5
"162",162,1,0,1,63.5,3,20,63.5
"163",163,1,1,1,76.5,4,18,76.5
"164",164,1,1,1,37.7,1,13,37.7
"165",165,1,0,1,63.5,0,11,63.5
"166",166,1,0,1,32,3,16,32
"167",167,1,0,0,36.5,1,14,36.5
"168",168,1,1,1,64.4,4,19,64.4
"169",169,1,0,1,60.5,1,12,60.5
"170",170,1,1,1,48.8,1,12,48.8
"171",171,1,0,1,38.2,1,12,38.2
"172",172,1,0,1,34.2,1,14,34.2
"173",173,1,0,1,28.4,0,11,28.4
"174",174,1,1,1,50.5,3,19,50.5
"175",175,1,1,1,74.4,1,15,74.4
"176",176,1,1,1,38.4,1,14,38.4
"177",177,1,0,1,38.2,1,13,38.2
"178",178,1,0,0,74.4,4,20,74.4
"179",179,0,0,0,63.5,3,16,63.5
"180",180,0,0,1,63.5,1,12,63.5
"181",181,0,1,1,76.4,3,16,76.4
"182",182,1,0,1,28.6,1,12,28.6
"183",183,1,1,1,83.7,4,20,83.7
"184",184,1,0,1,63.2,3,16,63.2
"185",185,1,0,1,34.2,3,16,34.2
"186",186,1,1,1,73.3,1,12,73.3
"187",187,1,1,1,52.5,3,16,52.5
"188",188,1,1,1,73.2,3,19,73.2
"189",189,1,1,1,73.6,1,12,73.6
"190",190,1,0,1,53.7,3,16,53.7
"191",191,1,1,1,37.4,3,17,37.4
"192",192,1,0,1,63.5,3,16,63.5
"193",193,1,0,1,58.3,1,12,58.3
"194",194,1,1,1,34.4,1,15,34.4
"195",195,1,1,1,50.7,2,14,50.7
"196",196,1,0,0,63.5,3,16,63.5
"197",197,1,0,0,32,3,17,32
"198",198,1,1,1,39,1,14,39
"199",199,1,1,1,32,1,14,32
"200",200,1,0,1,32.3,1,12,32.3
"201",201,0,0,1,38.1,1,13,38.1
"202",202,1,1,1,73.2,1,12,73.2
"203",203,1,1,1,50.5,1,14,50.5
"204",204,1,1,1,38.4,1,13,38.4
"205",205,1,0,1,33.9,4,18,33.9
"206",206,1,1,1,51.9,1,12,51.9
"207",207,1,0,1,86.5,3,16,86.5
"208",208,1,0,1,32.3,0,11,32.3
"209",209,1,0,1,28.6,1,12,28.6
"210",210,1,0,0,33.6,1,12,33.6
"211",211,1,1,1,78.5,3,17,78.5
"212",212,1,0,1,44.7,1,12,44.7
"213",213,1,0,0,81.9,3,16,81.9
"214",214,1,1,1,53.7,1,13,53.7
"215",215,1,1,0,53.7,1,13,53.7
"216",216,1,1,1,63.5,4,18,63.5
"217",217,1,1,1,61.1,3,16,61.1
"218",218,1,1,1,63.5,3,16,63.5
"219",219,1,1,1,38.4,1,15,38.4
"220",220,1,1,1,63.5,3,16,63.5
"221",221,1,0,1,82.7,1,13,82.7
"222",222,1,0,1,63.5,4,20,63.5
"223",223,1,1,1,61.1,4,18,61.1
"224",224,1,1,1,26.4,3,16,26.4
"225",225,1,0,1,42.5,0,14,42.5
"226",226,1,0,1,52.5,3,16,52.5
"227",227,1,0,1,72.5,3,18,72.5
"228",228,1,0,0,84.7,3,16,84.7
"229",229,1,0,0,52.5,3,17,52.5
"230",230,1,0,0,40.2,3,17,40.2
"231",231,1,0,1,82.7,3,16,82.7
"232",232,1,0,1,22.5,1,14,22.5
"233",233,1,0,1,63.5,1,12,63.5
"234",234,0,1,0,33.9,1,14,33.9
"235",235,1,1,1,76.4,3,16,76.4
"236",236,1,1,1,75.9,4,18,75.9
"237",237,0,0,0,40.1,3,16,40.1
"238",238,1,1,1,78.5,3,17,78.5
"239",239,1,0,0,60.5,2,14,60.5
"240",240,1,0,1,78.5,4,19,78.5
"241",241,1,0,0,60.6,0,17,60.6
"242",242,1,0,1,76.4,4,20,76.4
"243",243,1,1,1,60.6,1,15,60.6
"244",244,1,1,0,36.5,0,11,36.5
"245",245,1,1,0,36.9,1,13,36.9
"246",246,0,1,1,22.5,0,7,22.5
"247",247,1,1,0,36.9,1,13,36.9
"248",248,1,1,1,43.7,0,14,43.7
"249",249,1,1,0,28.4,1,12,28.4
"250",250,1,1,0,NA,0,11,NA
"251",251,0,1,1,50.5,0,10,50.5
"252",252,1,1,1,29.3,1,16,29.3
"253",253,1,1,1,42.3,1,15,42.3
"254",254,1,1,0,29.3,0,NA,29.3
"255",255,1,1,1,76.4,2,16,76.4
"256",256,1,0,1,49.6,1,13,49.6
"257",257,1,1,1,38,2,14,38
"258",258,1,1,1,67,1,13,67
"259",259,1,1,1,67,2,14,67
"260",260,1,1,1,63.2,3,16,63.2
"261",261,1,0,1,53.1,1,14,53.1
"262",262,1,0,1,63.5,3,17,63.5
"263",263,1,1,1,80.3,3,16,80.3
"264",264,1,1,1,38,1,13,38
"265",265,0,0,1,86.5,4,20,86.5
"266",266,1,0,0,50.7,2,14,50.7
"267",267,1,1,1,81,3,16,81
"268",268,1,1,1,46.7,1,12,46.7
"269",269,1,1,1,20.1,1,12,20.1
"270",270,1,1,1,73.2,3,18,73.2
"271",271,1,1,1,61.9,3,16,61.9
"272",272,1,1,1,63.5,1,14,63.5
"273",273,1,1,1,41.6,1,12,41.6
"274",274,1,0,1,28.6,1,13,28.6
"275",275,1,0,0,49.6,1,14,49.6
"276",276,1,1,0,NA,1,12,NA
"277",277,1,0,0,73.2,3,16,73.2
"278",278,1,1,1,53.7,0,9,53.7
"279",279,1,1,1,53.7,1,12,53.7
"280",280,1,1,1,74.4,3,16,74.4
"281",281,1,1,0,68.1,0,11,68.1
"282",282,1,0,1,45.3,1,12,45.3
"283",283,1,0,0,28.6,1,14,28.6
"284",284,1,1,0,37.7,1,12,37.7
"285",285,1,0,1,28.6,1,13,28.6
"286",286,1,0,1,86.8,3,16,86.8
"287",287,1,0,1,32.7,1,14,32.7
"288",288,1,1,1,31.4,1,13,31.4
"289",289,1,1,1,37.9,1,13,37.9
"290",290,1,0,1,31.4,1,14,31.4
"291",291,1,1,1,53.3,1,12,53.3
"292",292,1,1,0,38.4,2,15,38.4
"293",293,1,1,0,NA,0,13,NA
"294",294,1,1,1,50.7,3,17,50.7
"295",295,1,1,1,32.4,0,8,32.4
"296",296,1,0,1,40,0,6,40
"297",297,1,0,0,32.3,1,14,32.3
"298",298,1,1,1,33.1,1,13,33.1
"299",299,1,1,1,32.4,0,8,32.4
"300",300,1,0,0,38.7,1,12,38.7
"301",301,1,0,1,34.2,1,14,34.2
"302",302,1,0,1,48.9,1,13,48.9
"303",303,1,1,1,50.5,1,13,50.5
"304",304,1,1,0,37.3,1,12,37.3
"305",305,1,1,0,36.5,1,12,36.5
"306",306,1,1,1,60.6,2,14,60.6
"307",307,1,1,1,38.4,0,8,38.4
"308",308,1,1,1,39.6,1,14,39.6
"309",309,1,0,1,32,1,12,32
"310",310,0,0,1,50.7,2,15,50.7
"311",311,1,1,0,29.8,0,10,29.8
"312",312,1,1,0,54.2,1,13,54.2
"313",313,1,1,1,36.9,3,16,36.9
"314",314,1,1,1,NA,1,12,NA
"315",315,1,1,1,NA,0,10,NA
"316",316,1,1,1,NA,4,17,NA
"317",317,1,1,1,38.9,1,12,38.9
"318",318,1,0,0,38.2,1,12,38.2
"319",319,1,0,0,30.1,0,12,30.1
"320",320,1,1,1,68.1,3,16,68.1
"321",321,1,1,1,33.9,0,11,33.9
"322",322,1,0,1,50.7,3,16,50.7
"323",323,0,1,1,38,1,13,38
"324",324,1,0,1,48.9,2,13,48.9
"325",325,1,1,1,78.5,4,20,78.5
"326",326,1,1,1,50.7,3,16,50.7
"327",327,1,0,1,54.2,1,12,54.2
"328",328,1,1,1,63.5,1,12,63.5
"329",329,1,0,1,32.1,0,10,32.1
"330",330,1,1,1,50.7,0,10,50.7
"331",331,1,0,1,38.1,1,12,38.1
"332",332,1,1,1,36.1,1,12,36.1
"333",333,1,1,0,76.4,3,16,76.4
"334",334,1,1,1,29,1,12,29
"335",335,1,0,1,48.5,1,12,48.5
"336",336,1,0,1,36.5,1,14,36.5
"337",337,1,0,0,32.7,1,12,32.7
"338",338,0,0,0,28.4,1,12,28.4
"339",339,1,0,1,31.2,2,16,31.2
"340",340,1,0,1,50.7,2,15,50.7
"341",341,1,0,1,50.5,3,17,50.5
"342",342,1,0,0,NA,1,12,NA
"343",343,1,1,0,29,1,12,29
"344",344,1,0,1,29.2,0,8,29.2
"345",345,1,1,1,54.7,1,12,54.7
"346",346,1,1,1,22.7,0,9,22.7
"347",347,0,1,1,39,1,10,39
"348",348,1,1,0,33.1,1,13,33.1
"349",349,1,1,1,17.1,0,10,17.1
"350",350,1,0,1,45.3,1,14,45.3
"351",351,1,1,0,NA,1,17,NA
"352",352,1,0,0,85.1,4,16,85.1
"353",353,1,1,1,33.9,1,12,33.9
"354",354,1,1,0,36.5,1,14,36.5
"355",355,1,1,0,NA,0,11,NA
"356",356,1,1,1,54.5,1,12,54.5
"357",357,1,1,1,22.5,0,7,22.5
"358",358,1,1,1,26.4,1,15,26.4
"359",359,1,1,1,22.7,0,10,22.7
"360",360,1,1,1,21.2,1,12,21.2
"361",361,1,1,0,42.3,0,11,42.3
"362",362,1,1,1,32.4,1,12,32.4
"363",363,0,0,1,43.2,1,13,43.2
"364",364,1,0,1,28.4,1,12,28.4
"365",365,1,1,1,73.2,2,15,73.2
"366",366,1,0,1,56.5,1,16,56.5
"367",367,1,1,1,40.1,1,12,40.1
"368",368,1,0,0,86.6,3,16,86.6
"369",369,1,1,0,69.2,4,17,69.2
"370",370,1,1,1,36.5,1,12,36.5
"371",371,1,0,1,83.7,3,16,83.7
"372",372,1,0,0,69.2,4,19,69.2
"373",373,1,1,1,78.5,4,18,78.5
"374",374,1,1,0,57.1,3,16,57.1
"375",375,1,1,0,63.2,3,16,63.2
"376",376,1,1,1,38.9,2,14,38.9
"377",377,1,0,1,50.7,1,13,50.7
"378",378,1,1,1,46.8,3,16,46.8
"379",379,1,0,1,34.2,1,12,34.2
"380",380,1,1,1,37.3,1,12,37.3
"381",381,1,0,1,83.7,3,17,83.7
"382",382,1,1,1,51.9,2,16,51.9
"383",383,1,0,1,80.3,4,18,80.3
"384",384,1,0,1,35.1,1,12,35.1
"385",385,1,1,1,38.4,1,12,38.4
"386",386,1,1,0,73.7,3,17,73.7
"387",387,1,0,0,36.2,1,14,36.2
"388",388,0,1,1,38,1,12,38
"389",389,1,0,0,29.7,1,12,29.7
"390",390,1,0,1,60.5,2,14,60.5
"391",391,1,0,1,29.2,1,13,29.2
"392",392,1,0,1,37.8,1,12,37.8
"393",393,1,0,1,29,1,12,29
"394",394,1,0,1,57.1,1,12,57.1
"395",395,0,0,1,27.2,1,12,27.2
"396",396,1,0,1,63.5,3,16,63.5
"397",397,1,1,1,73.2,3,16,73.2
"398",398,1,0,1,29.5,1,14,29.5
"399",399,1,1,0,69.2,1,14,69.2
"400",400,1,1,1,21.3,0,10,21.3
"401",401,1,1,1,32,2,14,32
"402",402,1,1,1,38.9,1,12,38.9
"403",403,1,0,0,32.3,1,9,32.3
"404",404,1,1,1,29.4,0,11,29.4
"405",405,1,1,0,68.8,3,16,68.8
"406",406,1,1,1,32.7,1,9,32.7
"407",407,1,0,1,63.5,3,16,63.5
"408",408,1,0,1,59,3,16,59
"409",409,1,1,1,44.2,2,13,44.2
"410",410,1,1,0,36.5,1,12,36.5
"411",411,1,1,1,28.4,0,12,28.4
"412",412,1,1,0,NA,0,10,NA
"413",413,1,1,1,56.6,3,16,56.6
"414",414,1,0,1,34.2,0,10,34.2
"415",415,1,0,1,31.5,1,12,31.5
"416",416,1,1,1,67,1,12,67
"417",417,1,0,1,53.2,2,16,53.2
"418",418,1,1,1,78.7,1,14,78.7
"419",419,1,0,1,63.5,1,13,63.5
"420",420,1,0,1,68.8,4,18,68.8
"421",421,1,0,0,76.4,1,15,76.4
"422",422,1,0,0,34.3,2,15,34.3
"423",423,1,1,1,74.4,3,17,74.4
"424",424,1,0,1,67,3,16,67
"425",425,0,0,1,86.5,3,16,86.5
"426",426,1,0,1,60.6,3,16,60.6
"427",427,1,0,1,35.4,1,12,35.4
"428",428,1,1,0,46.8,1,13,46.8
"429",429,1,0,0,60.5,0,10,60.5
"430",430,1,0,1,31.4,2,14,31.4
"431",431,1,0,1,38.1,1,13,38.1
"432",432,1,1,0,35.1,0,11,35.1
"433",433,1,1,1,50.7,1,12,50.7
"434",434,1,1,1,26.4,1,12,26.4
"435",435,1,0,0,33.1,2,15,33.1
"436",436,1,1,1,28.4,2,15,28.4
"437",437,1,0,1,31.5,0,10,31.5
"438",438,1,0,0,26.4,2,15,26.4
"439",439,1,1,1,33.1,1,12,33.1
"440",440,1,1,1,NA,0,5,NA
"441",441,1,1,0,33.9,1,13,33.9
"442",442,1,0,1,85.1,3,20,85.1
"443",443,1,0,1,28.6,1,14,28.6
"444",444,1,1,1,38.4,0,11,38.4
"445",445,1,0,1,31.5,0,10,31.5
"446",446,1,1,1,51.9,1,12,51.9
"447",447,1,1,1,63.5,1,14,63.5
"448",448,1,1,1,78.5,3,18,78.5
"449",449,1,0,1,59.1,3,17,59.1
"450",450,1,1,1,34.4,4,19,34.4
"451",451,1,0,0,63.5,3,17,63.5
"452",452,1,0,1,34.2,1,11,34.2
"453",453,1,0,1,78.5,1,12,78.5
"454",454,1,0,1,50.7,0,11,50.7
"455",455,1,1,1,76.4,1,13,76.4
"456",456,1,1,1,39.4,NA,NA,39.4
"457",457,1,1,1,73.2,3,16,73.2
"458",458,1,0,1,45.9,1,17,45.9
"459",459,1,1,1,25.5,0,11,25.5
"460",460,1,0,0,28.4,1,12,28.4
"461",461,1,1,0,29.3,1,14,29.3
"462",462,1,0,1,28.4,1,15,28.4
"463",463,1,1,1,NA,0,0,NA
"464",464,1,0,0,83.7,4,17,83.7
"465",465,1,0,1,86.6,3,16,86.6
"466",466,1,1,1,75.2,4,18,75.2
"467",467,1,1,0,83.7,1,14,83.7
"468",468,1,1,1,38,1,14,38
"469",469,1,1,1,31.4,1,13,31.4
"470",470,1,1,1,69.2,1,14,69.2
"471",471,1,1,1,50.7,1,12,50.7
"472",472,1,1,1,31.4,1,12,31.4
"473",473,1,0,1,69.2,3,16,69.2
"474",474,1,0,1,53.9,1,13,53.9
"475",475,0,0,1,66.1,0,14,66.1
"476",476,1,0,1,36.4,1,14,36.4
"477",477,1,0,1,37.8,1,12,37.8
"478",478,1,0,1,31.5,1,12,31.5
"479",479,1,0,1,29.2,3,16,29.2
"480",480,1,0,1,32.3,0,5,32.3
"481",481,1,1,1,66.1,0,10,66.1
"482",482,1,0,1,32.3,1,10,32.3
"483",483,1,1,1,32.4,1,12,32.4
"484",484,1,0,0,53.9,1,13,53.9
"485",485,1,1,1,36.5,1,13,36.5
"486",486,1,1,1,81.9,4,20,81.9
"487",487,1,1,1,34.4,1,10,34.4
"488",488,1,0,1,45.2,1,14,45.2
"489",489,1,1,1,38.9,3,16,38.9
"490",490,1,1,0,74.4,3,14,74.4
"491",491,1,1,0,78.5,3,20,78.5
"492",492,1,0,0,29,0,13,29
"493",493,1,1,0,NA,0,11,NA
"494",494,1,0,1,33.2,0,10,33.2
"495",495,1,0,1,63.9,1,14,63.9
"496",496,1,1,1,43.7,1,13,43.7
"497",497,1,1,1,63.5,1,12,63.5
"498",498,1,0,0,43.3,0,9,43.3
"499",499,1,1,1,22.6,0,6,22.6
"500",500,1,1,1,17.1,0,8,17.1
"501",501,1,1,1,86.5,3,17,86.5
"502",502,1,1,1,27.5,0,5,27.5
"503",503,1,1,1,31.2,0,10,31.2
"504",504,1,1,1,53.3,1,12,53.3
"505",505,1,1,1,31.4,1,13,31.4
"506",506,1,1,1,28.4,1,12,28.4
"507",507,1,1,1,63.5,1,12,63.5
"508",508,0,1,1,23.3,0,9,23.3
"509",509,1,0,1,66.1,1,13,66.1
"510",510,1,1,1,38.4,3,16,38.4
"511",511,1,1,1,69.7,1,12,69.7
"512",512,1,0,1,29.2,1,12,29.2
"513",513,0,0,1,53.1,1,12,53.1
"514",514,1,1,1,88.8,3,17,88.8
"515",515,1,1,1,37.9,1,12,37.9
"516",516,1,1,1,78.5,3,16,78.5
"517",517,1,0,1,33.2,1,12,33.2
"518",518,1,1,1,19.4,1,12,19.4
"519",519,1,0,1,86.6,3,16,86.6
"520",520,1,1,1,35.4,1,12,35.4
"521",521,1,1,1,63.5,1,12,63.5
"522",522,1,1,1,50.5,1,16,50.5
"523",523,1,1,1,39.4,1,12,39.4
"524",524,1,1,1,NA,0,10,NA
"525",525,1,0,0,30.1,1,12,30.1
"526",526,1,0,1,86.8,4,20,86.8
"527",527,1,1,1,63.5,0,10,63.5
"528",528,1,0,1,86.6,3,16,86.6
"529",529,1,1,1,38.9,2,14,38.9
"530",530,1,0,1,50.7,1,12,50.7
"531",531,1,0,1,31.5,0,8,31.5
"532",532,1,1,1,50.7,3,16,50.7
"533",533,1,1,1,26.7,0,9,26.7
"534",534,1,1,1,37.4,0,7,37.4
"535",535,1,1,1,56.6,3,16,56.6
"536",536,1,1,1,67,1,12,67
"537",537,1,1,1,78.5,3,16,78.5
"538",538,1,0,1,63.5,3,16,63.5
"539",539,1,0,1,82.7,4,19,82.7
"540",540,1,1,1,78.5,4,17,78.5
"541",541,1,0,0,37.4,1,14,37.4
"542",542,1,1,0,34.4,1,14,34.4
"543",543,1,1,1,83.7,4,20,83.7
"544",544,1,1,1,58.3,1,14,58.3
"545",545,1,1,1,76.4,3,16,76.4
"546",546,1,0,1,42.2,1,14,42.2
"547",547,1,1,1,80.9,4,18,80.9
"548",548,1,1,1,63.2,1,14,63.2
"549",549,1,1,1,61.9,3,17,61.9
"550",550,1,1,0,NA,1,11,NA
"551",551,1,1,0,29.3,1,12,29.3
"552",552,1,1,1,21.2,0,4,21.2
"553",553,1,1,1,22.6,0,11,22.6
"554",554,1,1,1,41.6,1,14,41.6
"555",555,1,1,1,17.1,1,11,17.1
"556",556,1,1,1,35.4,1,15,35.4
"557",557,1,1,0,29.2,1,12,29.2
"558",558,1,1,1,38.4,1,12,38.4
"559",559,1,0,1,22.9,0,8,22.9
"560",560,1,1,1,27.7,0,11,27.7
"561",561,1,0,0,30.2,1,10,30.2
"562",562,1,1,1,33.1,0,5,33.1
"563",563,1,0,1,48.8,2,14,48.8
"564",564,1,0,1,63.5,1,12,63.5
"565",565,1,1,1,68.1,1,14,68.1
"566",566,1,1,1,35.4,1,12,35.4
"567",567,1,1,1,65.8,1,13,65.8
"568",568,1,1,1,64.4,3,16,64.4
"569",569,1,1,1,37.3,1,12,37.3
"570",570,1,0,1,76.4,3,16,76.4
"571",571,1,0,1,45.9,1,13,45.9
"572",572,1,1,1,38.9,3,16,38.9
"573",573,1,0,1,83.7,4,20,83.7
"574",574,1,0,1,48.5,4,20,48.5
"575",575,1,0,1,87.4,4,20,87.4
"576",576,1,0,1,63.5,4,18,63.5
"577",577,1,0,1,33.3,1,14,33.3
"578",578,1,0,1,63.5,3,16,63.5
"579",579,1,1,0,97.2,4,20,97.2
"580",580,1,1,1,50.5,3,16,50.5
"581",581,1,1,1,45.4,1,12,45.4
"582",582,1,1,1,38.4,2,14,38.4
"583",583,1,1,1,17.1,1,10,17.1
"584",584,1,1,1,33.1,2,14,33.1
"585",585,1,1,1,NA,1,14,NA
"586",586,1,1,1,63.5,1,12,63.5
"587",587,1,0,0,35.1,1,12,35.1
"588",588,1,1,0,29.2,1,15,29.2
"589",589,1,0,1,65.8,4,18,65.8
"590",590,1,1,1,64.8,1,12,64.8
"591",591,1,0,0,38.9,4,18,38.9
"592",592,1,1,0,78.5,4,18,78.5
"593",593,1,0,0,38.9,1,13,38.9
"594",594,1,1,1,50.7,1,15,50.7
"595",595,1,1,1,65.8,3,19,65.8
"596",596,1,1,1,26.7,1,12,26.7
"597",597,1,0,0,48.6,3,16,48.6
"598",598,1,0,0,32.3,1,13,32.3
"599",599,1,0,1,63.5,2,14,63.5
"600",600,1,1,1,63.5,1,13,63.5
"601",601,1,0,0,63.5,1,12,63.5
"602",602,1,0,1,38.2,2,16,38.2
"603",603,1,0,0,73.9,3,16,73.9
"604",604,1,0,0,30.7,1,14,30.7
"605",605,1,1,1,73.2,3,16,73.2
"606",606,1,1,1,65.2,1,11,65.2
"607",607,1,0,0,38.9,3,16,38.9
"608",608,1,1,1,57.1,1,16,57.1
"609",609,1,1,0,50.5,1,13,50.5
"610",610,1,0,1,76.4,4,18,76.4
"611",611,1,1,1,83.7,3,18,83.7
"612",612,1,1,1,63.5,3,16,63.5
"613",613,1,1,1,50.7,3,16,50.7
"614",614,1,1,1,83.7,4,20,83.7
"615",615,1,1,0,38.4,3,16,38.4
"616",616,1,0,1,83.7,3,17,83.7
"617",617,1,0,1,82.7,4,18,82.7
"618",618,1,1,1,38.4,1,15,38.4
"619",619,1,1,1,84,4,17,84
"620",620,1,0,0,61.1,1,15,61.1
"621",621,1,0,1,28.6,1,12,28.6
"622",622,1,1,1,38.4,1,9,38.4
"623",623,1,1,1,73.9,4,20,73.9
"624",624,1,1,1,71.2,3,16,71.2
"625",625,1,0,0,87,3,17,87
"626",626,1,0,1,63.5,4,20,63.5
"627",627,1,1,0,36.5,3,18,36.5
"628",628,1,1,0,37.7,3,16,37.7
"629",629,1,1,0,63.5,1,12,63.5
"630",630,1,1,1,53.7,1,14,53.7
"631",631,1,1,0,63.5,3,16,63.5
"632",632,1,0,1,76.3,4,18,76.3
"633",633,1,1,1,73.2,3,18,73.2
"634",634,1,1,1,36.5,1,12,36.5
"635",635,1,1,1,34.4,0,8,34.4
"636",636,1,1,1,NA,0,7,NA
"637",637,1,1,1,50.7,0,11,50.7
"638",638,1,0,1,37.7,4,18,37.7
"639",639,1,1,1,61.9,3,15,61.9
"640",640,1,0,1,84,3,18,84
"641",641,1,0,0,86.5,3,17,86.5
"642",642,1,1,1,27.5,1,12,27.5
"643",643,1,1,1,63.5,4,20,63.5
"644",644,1,1,1,69.7,4,18,69.7
"645",645,1,0,0,37.7,3,16,37.7
"646",646,1,0,0,76.3,1,11,76.3
"647",647,1,1,1,35.4,1,12,35.4
"648",648,1,0,0,82.7,3,16,82.7
"649",649,1,0,1,32.3,1,13,32.3
"650",650,1,1,1,50.7,3,16,50.7
"651",651,1,0,1,26.7,3,18,26.7
"652",652,0,1,1,38.9,1,13,38.9
"653",653,1,1,0,33.9,1,11,33.9
"654",654,1,0,1,36.5,1,12,36.5
"655",655,1,0,1,87.9,3,16,87.9
"656",656,1,1,1,38,3,16,38
"657",657,1,0,1,63.5,4,20,63.5
"658",658,1,0,1,63.5,3,17,63.5
"659",659,1,0,1,38.9,1,14,38.9
"660",660,1,0,1,84,4,20,84
"661",661,1,1,1,26.5,1,12,26.5
"662",662,1,1,1,67,1,12,67
"663",663,1,0,1,38.9,3,17,38.9
"664",664,1,1,1,29.8,1,12,29.8
"665",665,1,1,1,29.2,1,12,29.2
"666",666,1,1,1,28.4,0,5,28.4
"667",667,1,0,0,NA,0,10,NA
"668",668,1,1,1,36.1,1,15,36.1
"669",669,1,0,1,52.4,1,13,52.4
"670",670,1,0,1,51,1,14,51
"671",671,1,0,1,63.5,3,16,63.5
"672",672,1,1,1,63.2,1,13,63.2
"673",673,1,1,1,85.1,4,20,85.1
"674",674,1,1,1,80.9,4,19,80.9
"675",675,1,1,1,35.4,1,12,35.4
"676",676,1,0,1,86.6,1,17,86.6
"677",677,1,0,0,35.1,1,13,35.1
"678",678,1,0,1,86,3,16,86
"679",679,1,1,1,36.1,3,16,36.1
"680",680,1,1,1,63.5,1,12,63.5
"681",681,0,1,1,33.1,1,12,33.1
"682",682,1,1,1,38.4,0,10,38.4
"683",683,0,1,1,78.5,1,14,78.5
"684",684,1,1,1,27.9,0,10,27.9
"685",685,1,1,0,22.5,3,19,22.5
"686",686,1,0,0,38.2,0,13,38.2
"687",687,1,1,0,37.7,3,16,37.7
"688",688,1,1,0,48.6,1,12,48.6
"689",689,1,1,1,73.2,2,16,73.2
"690",690,1,1,1,73.6,2,14,73.6
"691",691,1,0,1,86.8,4,17,86.8
"692",692,1,1,1,38,1,13,38
"693",693,1,0,1,63.5,3,17,63.5
"694",694,1,1,1,64.2,4,18,64.2
"695",695,1,0,1,63.5,3,17,63.5
"696",696,1,1,1,26.7,0,11,26.7
"697",697,1,0,1,26.4,0,8,26.4
"698",698,1,1,1,63.5,1,12,63.5
"699",699,1,1,1,NA,3,16,NA
"700",700,1,0,1,83.7,NA,14,83.7
"701",701,1,1,1,78.5,3,16,78.5
"702",702,1,0,0,83.7,4,19,83.7
"703",703,1,0,1,29.2,0,10,29.2
"704",704,1,1,1,38.4,1,12,38.4
"705",705,1,1,1,38.4,1,12,38.4
"706",706,1,1,1,63.5,4,18,63.5
"707",707,1,1,1,63.5,2,14,63.5
"708",708,1,0,1,50.5,1,14,50.5
"709",709,1,0,1,29.5,0,9,29.5
"710",710,1,1,1,60.6,3,16,60.6
"711",711,1,1,1,37.7,1,15,37.7
"712",712,1,0,0,51.9,1,12,51.9
"713",713,1,1,0,68.1,2,14,68.1
"714",714,1,0,0,64.1,1,13,64.1
"715",715,1,0,1,71.6,4,18,71.6
"716",716,1,0,1,36.5,1,12,36.5
"717",717,1,1,1,26.7,0,9,26.7
"718",718,1,1,0,64.4,3,17,64.4
"719",719,1,1,0,33.3,1,12,33.3
"720",720,1,1,1,57.1,1,12,57.1
"721",721,1,0,0,29.5,1,13,29.5
"722",722,1,0,1,49.6,1,13,49.6
"723",723,1,1,1,38,1,11,38
"724",724,1,1,1,68.1,1,15,68.1
"725",725,1,0,1,31.4,1,12,31.4
"726",726,1,0,1,50.7,1,14,50.7
"727",727,1,1,1,36.5,2,16,36.5
"728",728,1,1,0,68.8,3,16,68.8
"729",729,1,0,1,65.8,1,14,65.8
"730",730,1,1,1,63.5,1,14,63.5
"731",731,1,0,1,28.4,1,12,28.4
"732",732,1,1,1,87,3,16,87
"733",733,1,0,1,63.5,4,18,63.5
"734",734,1,0,1,63.5,3,16,63.5
"735",735,1,0,1,81,3,16,81
"736",736,1,1,1,64.2,3,16,64.2
"737",737,1,1,1,38.9,1,12,38.9
"738",738,1,0,1,50.7,1,15,50.7
"739",739,1,0,1,63.5,1,15,63.5
"740",740,1,1,1,63.5,3,16,63.5
"741",741,1,0,1,63.5,3,16,63.5
"742",742,1,0,1,63.5,3,16,63.5
"743",743,1,1,1,NA,3,16,NA
"744",744,1,0,1,73.6,3,16,73.6
"745",745,0,0,1,73.6,3,16,73.6
"746",746,1,0,1,63.5,3,16,63.5
"747",747,1,0,0,37.6,1,12,37.6
"748",748,1,0,1,63.5,3,17,63.5
"749",749,1,0,0,63.2,3,16,63.2
"750",750,1,1,1,29,0,10,29
"751",751,1,0,1,32.3,3,16,32.3
"752",752,1,1,1,36.5,1,13,36.5
"753",753,1,0,1,34.2,1,12,34.2
"754",754,1,0,1,86.5,3,16,86.5
"755",755,1,0,1,48.6,2,14,48.6
"756",756,0,1,1,78.5,4,16,78.5
"757",757,1,0,0,47.8,3,16,47.8
"758",758,1,0,1,87.9,3,16,87.9
"759",759,1,0,0,97.2,4,16,97.2
"760",760,1,0,1,63.5,1,12,63.5
"761",761,1,0,1,63.5,1,12,63.5
"762",762,1,0,1,25.2,1,10,25.2
"763",763,1,0,1,31.4,1,11,31.4
"764",764,1,0,1,64.2,3,16,64.2
"765",765,1,0,0,76.3,3,16,76.3
"766",766,1,0,1,NA,1,19,NA
"767",767,1,1,1,28.4,0,7,28.4
"768",768,1,1,1,38,1,13,38
"769",769,1,1,0,26.5,0,7,26.5
"770",770,1,0,1,52.4,1,14,52.4
"771",771,1,1,1,38.9,2,14,38.9
"772",772,1,1,1,NA,1,12,NA
"773",773,1,0,1,60.5,2,14,60.5
"774",774,1,1,1,31.4,1,13,31.4
"775",775,1,1,1,33.1,0,11,33.1
"776",776,0,1,1,35.4,1,15,35.4
"777",777,1,0,1,64.1,3,16,64.1
"778",778,1,1,1,43.7,2,14,43.7
"779",779,1,0,1,38.2,1,14,38.2
"780",780,1,0,1,88.8,3,20,88.8
"781",781,1,0,1,37.4,0,10,37.4
"782",782,1,1,1,63.5,1,12,63.5
"783",783,1,1,1,88.3,3,18,88.3
"784",784,1,0,1,80,3,16,80
"785",785,1,1,1,76.4,2,14,76.4
"786",786,1,1,0,38.4,1,13,38.4
"787",787,1,1,1,38.4,1,14,38.4
"788",788,1,1,1,21.2,1,12,21.2
"789",789,0,0,1,31.4,1,13,31.4
"790",790,1,0,1,44.8,0,11,44.8
"791",791,1,1,1,29,0,10,29
"792",792,0,1,1,44.3,1,14,44.3
"793",793,1,1,1,29.2,0,8,29.2
"794",794,1,0,1,59.1,3,16,59.1
"795",795,1,1,1,38.4,1,12,38.4
"796",796,1,1,1,32.4,0,8,32.4
"797",797,1,1,1,28.6,0,8,28.6
"798",798,1,0,1,63.5,3,16,63.5
"799",799,1,0,1,28.6,1,12,28.6
"800",800,1,1,1,32.4,0,10,32.4
"801",801,1,1,0,73.2,2,14,73.2
"802",802,1,0,1,27.5,2,14,27.5
"803",803,1,1,1,73.2,3,15,73.2
"804",804,1,0,0,69.7,3,17,69.7
"805",805,1,0,1,34.2,1,12,34.2
"806",806,1,1,0,34.3,1,15,34.3
"807",807,1,0,1,28.4,0,9,28.4
"808",808,0,1,1,28.4,1,12,28.4
"809",809,1,1,0,64.8,2,14,64.8
"810",810,1,1,1,29.3,0,NA,29.3
"811",811,1,1,0,29.3,1,15,29.3
"812",812,1,0,0,32.3,1,12,32.3
"813",813,1,1,0,21.2,1,13,21.2
"814",814,1,1,1,30.8,0,11,30.8
"815",815,1,0,1,62.1,1,12,62.1
"816",816,1,1,1,33.1,1,12,33.1
"817",817,1,0,1,63.5,1,13,63.5
"818",818,1,0,1,50.7,1,13,50.7
"819",819,1,0,1,35.1,1,12,35.1
"820",820,1,1,0,50.7,1,13,50.7
"821",821,1,1,1,39,1,13,39
"822",822,1,1,1,29,1,12,29
"823",823,1,0,1,28.4,1,12,28.4
"824",824,1,0,1,50.7,0,6,50.7
"825",825,1,1,1,21.2,0,0,21.2
"826",826,1,0,0,NA,0,11,NA
"827",827,1,1,0,73.2,1,13,73.2
"828",828,1,1,1,29.4,1,12,29.4
"829",829,1,1,0,48.5,1,12,48.5
"830",830,1,1,1,78.5,4,18,78.5
"831",831,1,0,1,73.3,3,16,73.3
"832",832,1,1,1,37.7,1,12,37.7
"833",833,1,1,1,27.7,1,12,27.7
"834",834,1,1,1,53.3,1,14,53.3
"835",835,1,1,1,65.8,3,16,65.8
"836",836,1,0,1,60.6,3,16,60.6
"837",837,1,1,1,38.4,1,12,38.4
"838",838,1,1,1,39,0,11,39
"839",839,1,0,1,48.5,1,14,48.5
"840",840,1,1,1,73.3,1,14,73.3
"841",841,1,0,0,76.4,3,16,76.4
"842",842,1,0,1,37.9,0,10,37.9
"843",843,1,1,1,31.4,1,12,31.4
"844",844,1,0,1,32.3,1,12,32.3
"845",845,1,1,1,81,2,14,81
"846",846,1,1,1,22.5,1,12,22.5
"847",847,1,0,1,48.5,1,12,48.5
"848",848,1,1,1,55.1,1,12,55.1
"849",849,1,0,0,40,1,16,40
"850",850,1,0,0,90.8,4,20,90.8
"851",851,1,0,0,29.8,1,14,29.8
"852",852,1,1,1,84,4,20,84
"853",853,1,1,1,73.6,3,16,73.6
"854",854,1,1,0,50.7,3,16,50.7
"855",855,1,0,1,34.2,1,12,34.2
"856",856,1,1,0,21.2,1,15,21.2
"857",857,1,0,0,63.5,1,13,63.5
"858",858,1,0,0,63.5,1,17,63.5
"859",859,1,1,1,33.1,1,12,33.1
"860",860,1,0,0,69.7,3,16,69.7
"861",861,1,0,1,51,1,15,51
"862",862,1,1,1,42.3,1,12,42.3
"863",863,1,0,1,76.3,1,13,76.3
"864",864,1,1,0,73.2,3,16,73.2
"865",865,1,0,0,75.2,3,16,75.2
"866",866,1,0,1,29.8,1,12,29.8
"867",867,1,0,1,97.2,4,20,97.2
"868",868,1,1,1,63.5,3,17,63.5
"869",869,1,1,1,38.4,1,13,38.4
"870",870,1,0,1,96,4,20,96
"871",871,1,1,1,53.3,1,13,53.3
"872",872,1,0,1,86.6,3,17,86.6
"873",873,1,0,1,33.9,3,18,33.9
"874",874,1,1,1,64.2,1,15,64.2
"875",875,1,0,1,63.5,1,12,63.5
"876",876,1,0,1,83.7,3,17,83.7
"877",877,1,0,0,32.3,2,14,32.3
"878",878,1,1,0,39.4,2,14,39.4
"879",879,1,0,0,34.3,1,12,34.3
"880",880,1,1,0,57.1,2,13,57.1
"881",881,1,1,0,76.4,1,13,76.4
"882",882,1,1,0,63.5,3,15,63.5
"883",883,1,1,1,63.5,1,13,63.5
"884",884,1,0,0,38.1,1,15,38.1
"885",885,1,1,0,37.7,3,16,37.7
"886",886,1,0,0,32.4,1,16,32.4
"887",887,1,0,0,33.9,1,15,33.9
"888",888,1,1,0,78.5,3,16,78.5
"889",889,1,0,0,43.3,1,12,43.3
"890",890,1,0,0,63.5,1,15,63.5
"891",891,1,0,0,33.6,1,12,33.6
"892",892,1,0,0,29.2,1,12,29.2
"893",893,1,0,1,63.5,3,16,63.5
"894",894,1,0,0,41.1,1,16,41.1
"895",895,1,1,0,35.4,2,17,35.4
"896",896,1,0,1,39,1,12,39
"897",897,1,0,0,33.1,1,13,33.1
"898",898,1,0,1,28.4,1,13,28.4
"899",899,1,0,1,32.3,1,12,32.3
"900",900,1,0,1,27.5,0,6,27.5
"901",901,1,1,1,NA,1,12,NA
"902",902,1,0,0,33.1,3,18,33.1
"903",903,1,1,0,64.8,4,20,64.8
"904",904,1,1,1,NA,4,20,NA
"905",905,1,0,0,37.9,1,15,37.9
"906",906,1,1,0,NA,1,13,NA
"907",907,1,0,0,20.1,1,12,20.1
"908",908,1,0,1,34.2,1,13,34.2
"909",909,1,0,1,36.4,1,12,36.4
"910",910,1,0,1,27.9,1,12,27.9
"911",911,1,1,1,76.4,2,14,76.4
"912",912,1,0,1,87.9,2,14,87.9
"913",913,1,1,0,30.8,1,12,30.8
"914",914,1,0,1,63.5,4,20,63.5
"915",915,1,1,1,29.3,1,12,29.3
"916",916,1,0,0,37.4,1,12,37.4
"917",917,1,0,1,83.9,1,15,83.9
"918",918,1,0,1,97.2,4,20,97.2
"919",919,1,0,1,73.3,4,18,73.3
"920",920,0,1,1,82.7,4,18,82.7
"921",921,1,0,1,97.2,4,20,97.2
"922",922,1,0,1,92.3,4,20,92.3
"923",923,1,1,1,78.5,4,18,78.5
"924",924,1,0,1,31.3,1,14,31.3
"925",925,1,0,0,62.5,3,16,62.5
"926",926,1,1,0,29.3,1,16,29.3
"927",927,1,1,0,29.3,1,12,29.3
"928",928,1,1,1,28.4,0,11,28.4
"929",929,1,1,1,18.5,1,12,18.5
"930",930,1,1,0,43.5,1,13,43.5
"931",931,1,1,0,29.1,1,12,29.1
"932",932,1,1,0,38.9,0,10,38.9
"933",933,1,1,0,36.5,0,10,36.5
"934",934,1,0,1,48.5,0,8,48.5
"935",935,1,1,0,33.6,1,14,33.6
"936",936,1,1,0,38,1,12,38
"937",937,1,0,1,86.6,4,18,86.6
"938",938,0,0,1,63.5,1,12,63.5
"939",939,1,0,1,31.4,3,16,31.4
"940",940,1,0,0,NA,1,14,NA
"941",941,1,0,1,38.2,1,12,38.2
"942",942,1,1,1,49.6,3,16,49.6
"943",943,0,0,1,88.8,4,18,88.8
"944",944,1,1,1,38.4,1,12,38.4
"945",945,1,0,1,64.1,4,18,64.1
"946",946,1,1,0,73.2,3,16,73.2
"947",947,1,0,0,68.8,3,16,68.8
"948",948,1,0,1,63.2,1,15,63.2
"949",949,0,0,1,31.5,1,12,31.5
"950",950,1,0,1,73.6,1,12,73.6
"951",951,1,1,0,32.4,3,17,32.4
"952",952,1,0,1,63.5,1,12,63.5
"953",953,1,0,0,NA,1,12,NA
"954",954,1,1,1,73.2,4,16,73.2
"955",955,1,0,0,60.5,2,16,60.5
"956",956,1,1,1,37.4,1,13,37.4
"957",957,1,0,0,27.5,1,12,27.5
"958",958,1,1,1,37.7,1,12,37.7
"959",959,1,0,1,29.8,1,12,29.8
"960",960,1,1,1,NA,0,4,NA
"961",961,0,0,1,31.4,1,12,31.4
"962",962,1,0,1,32.3,1,12,32.3
"963",963,1,1,0,34.3,1,14,34.3
"964",964,1,1,1,27.5,0,9,27.5
"965",965,1,1,0,29.3,3,20,29.3
"966",966,1,0,0,69.7,2,14,69.7
"967",967,1,1,1,50.7,3,19,50.7
"968",968,1,0,1,63.5,1,12,63.5
"969",969,1,1,1,38.4,2,13,38.4
"970",970,1,1,1,50.7,3,16,50.7
"971",971,1,1,1,38.4,3,16,38.4
"972",972,1,1,1,73.3,3,17,73.3
"973",973,1,1,1,36.5,1,14,36.5
"974",974,0,1,1,73.2,4,18,73.2
"975",975,1,0,0,39.4,3,16,39.4
"976",976,1,1,0,52.3,1,14,52.3
"977",977,1,0,0,38.9,3,17,38.9
"978",978,1,1,0,48.5,3,16,48.5
"979",979,1,1,0,32.4,1,13,32.4
"980",980,1,1,0,35.2,1,16,35.2
"981",981,1,0,0,49.6,1,12,49.6
"982",982,1,0,1,38.9,1,12,38.9
"983",983,1,1,1,49.6,3,17,49.6
"984",984,1,1,1,62.1,3,16,62.1
"985",985,1,0,1,76.3,3,16,76.3
"986",986,1,1,1,26.4,3,17,26.4
"987",987,0,0,1,38.1,1,12,38.1
"988",988,1,1,1,56.5,3,17,56.5
"989",989,1,0,1,63.5,1,12,63.5
"990",990,1,1,1,73.2,3,16,73.2
"991",991,1,1,1,73.3,3,18,73.3
"992",992,1,0,1,45.3,2,14,45.3
"993",993,1,1,1,39,1,12,39
"994",994,1,1,1,39,1,13,39
"995",995,1,0,1,60.5,2,14,60.5
"996",996,1,1,1,33.1,1,12,33.1
"997",997,1,1,0,74.4,4,16,74.4
"998",998,1,1,1,53.3,2,14,53.3
"999",999,1,1,0,28.4,1,9,28.4
"1000",1000,1,1,1,69.7,1,12,69.7
"1001",1001,1,1,1,73.7,3,16,73.7
"1002",1002,0,0,0,36.7,3,16,36.7
"1003",1003,1,1,1,62.2,2,15,62.2
"1004",1004,1,0,0,29.4,1,12,29.4
"1005",1005,1,0,1,31.7,0,11,31.7
"1006",1006,1,1,1,65.8,1,13,65.8
"1007",1007,1,0,1,48.5,1,12,48.5
"1008",1008,1,0,1,27.7,1,13,27.7
"1009",1009,0,0,1,86.6,4,17,86.6
"1010",1010,1,1,1,29.1,1,13,29.1
"1011",1011,1,0,1,51.9,3,16,51.9
"1012",1012,1,1,1,56.6,3,16,56.6
"1013",1013,1,1,1,73.8,1,12,73.8
"1014",1014,1,1,0,64.4,4,20,64.4
"1015",1015,1,1,0,73.2,1,15,73.2
"1016",1016,1,1,1,73.2,1,13,73.2
"1017",1017,1,0,1,35.1,1,15,35.1
"1018",1018,0,0,1,34.2,0,6,34.2
"1019",1019,1,0,1,53.9,0,8,53.9
"1020",1020,1,1,1,33.1,1,12,33.1
"1021",1021,1,0,1,42.7,1,12,42.7
"1022",1022,1,1,1,62,0,9,62
"1023",1023,1,0,1,53.9,1,12,53.9
"1024",1024,1,1,1,36.9,1,12,36.9
"1025",1025,1,1,0,38.5,1,14,38.5
"1026",1026,1,1,0,67,1,12,67
"1027",1027,1,0,1,29.2,0,10,29.2
"1028",1028,1,1,1,29.2,1,12,29.2
"1029",1029,1,0,1,52.4,4,16,52.4
"1030",1030,1,1,1,80.9,1,14,80.9
"1031",1031,1,1,0,37.7,1,12,37.7
"1032",1032,1,1,1,62.5,1,11,62.5
"1033",1033,1,0,0,27.5,0,11,27.5
"1034",1034,1,0,1,63.5,4,18,63.5
"1035",1035,1,0,1,62.1,2,15,62.1
"1036",1036,0,1,1,37.6,1,11,37.6
"1037",1037,1,1,1,29.3,1,12,29.3
"1038",1038,1,1,0,32.4,3,17,32.4
"1039",1039,1,0,1,29.3,2,17,29.3
"1040",1040,1,0,0,27.7,1,12,27.7
"1041",1041,1,1,0,78.5,3,16,78.5
"1042",1042,1,0,1,31.7,1,12,31.7
"1043",1043,1,0,1,86.6,2,14,86.6
"1044",1044,1,1,1,73.2,4,12,73.2
"1045",1045,1,0,1,29.3,1,13,29.3
"1046",1046,1,1,0,32.4,1,16,32.4
"1047",1047,1,1,0,50.7,3,16,50.7
"1048",1048,1,0,1,28.6,1,12,28.6
"1049",1049,1,1,1,31.4,1,12,31.4
"1050",1050,1,0,1,63.5,3,16,63.5
"1051",1051,1,0,1,26.7,1,12,26.7
"1052",1052,1,1,1,NA,1,12,NA
"1053",1053,1,1,0,66.1,3,17,66.1
"1054",1054,1,1,1,26.7,1,13,26.7
"1055",1055,1,1,1,33.1,1,13,33.1
"1056",1056,1,0,1,32.3,1,12,32.3
"1057",1057,1,1,1,29,1,12,29
"1058",1058,1,0,0,38.1,1,12,38.1
"1059",1059,1,0,0,76.3,4,18,76.3
"1060",1060,1,1,1,50.7,3,16,50.7
"1061",1061,1,0,1,97.2,4,20,97.2
"1062",1062,1,1,0,69.2,3,17,69.2
"1063",1063,1,1,0,33.6,1,13,33.6
"1064",1064,1,0,0,32.3,0,10,32.3
"1065",1065,1,0,0,NA,0,11,NA
"1066",1066,1,0,1,34.2,1,12,34.2
"1067",1067,1,0,0,87.9,3,17,87.9
"1068",1068,1,1,0,36.5,1,13,36.5
"1069",1069,0,0,1,29.2,0,9,29.2
"1070",1070,1,0,1,44.7,1,12,44.7
"1071",1071,0,0,1,31.5,0,9,31.5
"1072",1072,1,0,1,32.3,1,15,32.3
"1073",1073,1,1,1,NA,0,8,NA
"1074",1074,1,1,0,28.4,1,12,28.4
"1075",1075,1,1,1,21.2,0,11,21.2
"1076",1076,1,1,1,63.5,1,12,63.5
"1077",1077,1,0,0,34.2,1,13,34.2
"1078",1078,1,1,1,59.9,2,14,59.9
"1079",1079,1,0,1,64.2,2,14,64.2
"1080",1080,1,1,1,63.2,2,14,63.2
"1081",1081,1,1,1,37.7,1,12,37.7
"1082",1082,1,1,1,38.4,1,13,38.4
"1083",1083,1,1,1,26.7,0,10,26.7
"1084",1084,1,1,1,21.2,1,12,21.2
"1085",1085,1,1,1,73.8,4,18,73.8
"1086",1086,1,0,1,36.5,1,12,36.5
"1087",1087,1,1,1,38.9,4,18,38.9
"1088",1088,1,1,1,73.9,4,20,73.9
"1089",1089,1,0,1,43.3,3,18,43.3
"1090",1090,1,0,0,33.6,1,12,33.6
"1091",1091,1,1,0,38,2,14,38
"1092",1092,1,1,1,47,1,12,47
"1093",1093,1,1,1,63.2,2,14,63.2
"1094",1094,1,1,1,54.2,1,12,54.2
"1095",1095,1,1,1,37.7,1,12,37.7
"1096",1096,1,1,1,36.9,1,12,36.9
"1097",1097,1,1,0,33.1,1,12,33.1
"1098",1098,1,1,0,37.4,1,13,37.4
"1099",1099,0,1,0,NA,0,10,NA
"1100",1100,1,1,0,33.6,1,12,33.6
"1101",1101,1,1,0,33.1,1,12,33.1
"1102",1102,1,1,0,21.2,0,11,21.2
"1103",1103,1,0,1,78.5,4,17,78.5
"1104",1104,1,1,0,52.5,1,15,52.5
"1105",1105,1,1,1,29.3,1,12,29.3
"1106",1106,1,1,1,51.9,1,12,51.9
"1107",1107,1,1,0,NA,1,12,NA
"1108",1108,1,0,1,80.3,4,16,80.3
"1109",1109,1,1,1,78.5,3,15,78.5
"1110",1110,1,0,1,32,1,12,32
"1111",1111,1,0,0,86.6,3,16,86.6
"1112",1112,1,1,1,38.4,1,9,38.4
"1113",1113,1,1,1,45.8,1,13,45.8
"1114",1114,1,0,0,31.5,1,12,31.5
"1115",1115,1,0,1,26.4,0,8,26.4
"1116",1116,1,1,1,37.7,2,14,37.7
"1117",1117,1,1,1,37.7,1,14,37.7
"1118",1118,1,1,1,73.9,3,19,73.9
"1119",1119,1,1,1,37.5,1,12,37.5
"1120",1120,0,0,1,86,1,15,86
"1121",1121,0,0,1,31.5,0,5,31.5
"1122",1122,1,1,1,NA,0,10,NA
"1123",1123,1,1,1,29.2,1,9,29.2
"1124",1124,0,1,1,17.1,0,10,17.1
"1125",1125,1,1,1,29.3,1,12,29.3
"1126",1126,1,1,1,60.6,2,14,60.6
"1127",1127,0,0,1,50.7,0,8,50.7
"1128",1128,1,1,1,36.5,2,14,36.5
"1129",1129,1,1,1,48.6,1,12,48.6
"1130",1130,1,1,1,29.8,1,14,29.8
"1131",1131,1,0,0,31.4,0,9,31.4
"1132",1132,0,0,1,63.5,1,13,63.5
"1133",1133,1,0,1,50.7,2,15,50.7
"1134",1134,1,0,1,49.6,1,13,49.6
"1135",1135,1,0,1,45.4,1,12,45.4
"1136",1136,1,0,1,38.2,1,14,38.2
"1137",1137,1,0,1,69.7,3,16,69.7
"1138",1138,1,1,1,38.4,1,13,38.4
"1139",1139,1,1,1,60.6,4,18,60.6
"1140",1140,1,0,1,28.4,1,13,28.4
"1141",1141,1,1,1,37.7,1,12,37.7
"1142",1142,1,0,1,39,1,12,39
"1143",1143,1,0,1,87.9,3,16,87.9
"1144",1144,1,1,1,51.9,1,12,51.9
"1145",1145,1,1,0,35.4,3,16,35.4
"1146",1146,1,0,1,32.8,1,12,32.8
"1147",1147,1,0,1,45.3,2,14,45.3
"1148",1148,1,0,1,86.5,3,16,86.5
"1149",1149,1,1,0,38.9,1,12,38.9
"1150",1150,1,0,0,27.5,1,13,27.5
"1151",1151,1,1,1,43.7,2,14,43.7
"1152",1152,1,1,1,NA,1,14,NA
"1153",1153,1,1,1,22.5,1,12,22.5
"1154",1154,0,0,0,37.6,1,12,37.6
"1155",1155,1,0,1,31.5,0,10,31.5
"1156",1156,1,0,1,53.4,1,14,53.4
"1157",1157,1,1,1,74.4,2,14,74.4
"1158",1158,1,1,1,50.5,1,12,50.5
"1159",1159,1,1,1,NA,0,8,NA
"1160",1160,1,0,1,32,1,11,32
"1161",1161,1,0,1,29.4,1,12,29.4
"1162",1162,1,0,1,29.4,1,13,29.4
"1163",1163,1,1,1,17.1,1,12,17.1
"1164",1164,1,0,0,59.1,0,9,59.1
"1165",1165,1,1,1,35.4,2,13,35.4
"1166",1166,1,0,1,36.5,1,12,36.5
"1167",1167,1,0,1,28.4,1,12,28.4
"1168",1168,1,1,1,62.5,2,15,62.5
"1169",1169,1,1,1,25.2,1,12,25.2
"1170",1170,1,1,1,29.2,1,12,29.2
"1171",1171,1,1,0,NA,0,10,NA
"1172",1172,1,1,1,38.4,1,12,38.4
"1173",1173,1,1,1,78.5,4,16,78.5
"1174",1174,1,1,1,53.3,3,16,53.3
"1175",1175,1,1,1,63.5,4,18,63.5
"1176",1176,1,0,1,86.5,3,16,86.5
"1177",1177,1,1,1,73.2,3,16,73.2
"1178",1178,1,1,1,31.1,1,11,31.1
"1179",1179,0,0,0,43.4,1,12,43.4
"1180",1180,1,1,1,80.9,1,12,80.9
"1181",1181,1,1,1,27.9,0,10,27.9
"1182",1182,1,1,1,38,1,12,38
"1183",1183,1,0,1,31.5,0,8,31.5
"1184",1184,0,1,1,17.1,0,8,17.1
"1185",1185,1,1,0,38,4,18,38
"1186",1186,1,1,1,32,1,12,32
"1187",1187,1,0,0,42.7,1,12,42.7
"1188",1188,1,0,0,27.5,0,12,27.5
"1189",1189,1,0,1,37.1,1,12,37.1
"1190",1190,1,1,1,27.7,1,12,27.7
"1191",1191,1,1,1,31.2,1,12,31.2
"1192",1192,1,0,1,29.3,NA,11,29.3
"1193",1193,1,1,1,33.1,1,12,33.1
"1194",1194,1,0,1,33.9,0,11,33.9
"1195",1195,1,0,1,50.7,1,12,50.7
"1196",1196,1,1,1,29.3,0,11,29.3
"1197",1197,1,1,1,73.2,3,15,73.2
"1198",1198,1,0,0,29.5,0,11,29.5
"1199",1199,0,0,1,35.1,0,11,35.1
"1200",1200,1,0,0,34.3,1,12,34.3
"1201",1201,1,0,1,48.9,1,15,48.9
"1202",1202,1,1,0,78.5,3,17,78.5
"1203",1203,1,0,1,33.6,1,12,33.6
"1204",1204,1,1,1,38.4,1,12,38.4
"1205",1205,1,0,1,73.3,4,17,73.3
"1206",1206,1,1,0,52.3,1,13,52.3
"1207",1207,1,1,1,62.2,1,14,62.2
"1208",1208,0,0,1,45.3,1,14,45.3
"1209",1209,1,0,0,39.4,1,12,39.4
"1210",1210,1,0,0,37.6,1,12,37.6
"1211",1211,1,1,1,43.7,1,12,43.7
"1212",1212,1,0,1,39.4,0,8,39.4
"1213",1213,1,1,1,21.2,1,12,21.2
"1214",1214,1,1,1,29.8,1,10,29.8
"1215",1215,1,0,1,37.1,1,14,37.1
"1216",1216,1,1,1,17.1,1,14,17.1
"1217",1217,0,1,1,27.7,0,6,27.7
"1218",1218,1,1,1,69.2,3,16,69.2
"1219",1219,1,1,1,62.1,1,12,62.1
"1220",1220,1,1,1,33.1,1,13,33.1
"1221",1221,1,1,1,37.9,1,12,37.9
"1222",1222,1,0,1,35.4,1,12,35.4
"1223",1223,1,0,1,36.5,1,15,36.5
"1224",1224,1,1,0,73.2,4,18,73.2
"1225",1225,1,0,0,28.6,1,14,28.6
"1226",1226,1,0,0,33,1,13,33
"1227",1227,1,1,1,27.5,0,9,27.5
"1228",1228,1,1,1,45.8,1,13,45.8
"1229",1229,1,1,0,29.3,1,12,29.3
"1230",1230,1,0,1,28.4,0,11,28.4
"1231",1231,1,0,1,36.5,3,17,36.5
"1232",1232,1,1,0,51.9,1,13,51.9
"1233",1233,1,1,0,NA,0,8,NA
"1234",1234,1,0,1,31.4,1,14,31.4
"1235",1235,1,1,0,38.4,1,11,38.4
"1236",1236,1,0,1,33.3,0,11,33.3
"1237",1237,0,0,1,74.9,3,16,74.9
"1238",1238,1,1,1,64.2,3,16,64.2
"1239",1239,1,1,1,36.5,1,12,36.5
"1240",1240,1,1,0,37.7,1,13,37.7
"1241",1241,1,1,1,33.1,1,12,33.1
"1242",1242,1,1,1,35.7,1,13,35.7
"1243",1243,1,1,1,33.9,1,13,33.9
"1244",1244,1,0,1,64.1,1,12,64.1
"1245",1245,1,1,1,37.9,0,12,37.9
"1246",1246,1,1,1,27.2,0,11,27.2
"1247",1247,1,0,1,48.5,1,12,48.5
"1248",1248,1,0,1,31.5,1,12,31.5
"1249",1249,1,1,1,29.1,1,12,29.1
"1250",1250,1,0,1,69.7,3,19,69.7
"1251",1251,1,0,0,28.6,1,12,28.6
"1252",1252,1,1,1,37.6,1,12,37.6
"1253",1253,1,0,1,29.4,1,12,29.4
"1254",1254,1,1,1,63.5,3,16,63.5
"1255",1255,1,1,1,71.6,1,15,71.6
"1256",1256,1,1,0,80.9,3,17,80.9
"1257",1257,1,1,1,26.7,1,12,26.7
"1258",1258,1,1,1,32.4,1,13,32.4
"1259",1259,1,0,1,26.7,1,14,26.7
"1260",1260,1,1,1,73.2,3,15,73.2
"1261",1261,1,1,1,33.6,1,12,33.6
"1262",1262,1,0,1,63.5,1,12,63.5
"1263",1263,0,1,1,22.7,1,12,22.7
"1264",1264,1,1,1,32.4,0,11,32.4
"1265",1265,1,1,1,22.7,0,9,22.7
"1266",1266,1,0,1,33.6,1,12,33.6
"1267",1267,0,0,1,78,1,12,78
"1268",1268,1,1,1,26.4,1,12,26.4
"1269",1269,1,1,1,80.3,4,18,80.3
"1270",1270,1,1,1,38,1,13,38
"1271",1271,1,1,1,69.2,4,18,69.2
"1272",1272,1,1,1,53.3,4,17,53.3
"1273",1273,1,0,1,65.8,1,12,65.8
"1274",1274,1,1,1,84.7,3,16,84.7
"1275",1275,1,0,1,81,1,14,81
"1276",1276,1,1,1,26.4,1,12,26.4
"1277",1277,1,1,0,82.7,2,15,82.7
"1278",1278,1,1,1,63.5,1,14,63.5
"1279",1279,1,0,1,64.2,2,18,64.2
"1280",1280,1,0,1,63.5,4,20,63.5
"1281",1281,1,0,1,63.2,1,12,63.2
"1282",1282,1,1,1,51,3,16,51
"1283",1283,1,1,0,85.8,3,19,85.8
"1284",1284,1,1,0,57.1,3,16,57.1
"1285",1285,1,0,1,33.3,1,12,33.3
"1286",1286,1,1,1,33.1,4,18,33.1
"1287",1287,1,1,1,33.1,0,11,33.1
"1288",1288,1,0,1,92.3,4,20,92.3
"1289",1289,1,0,1,63.2,3,17,63.2
"1290",1290,1,0,1,73.3,3,16,73.3
"1291",1291,1,1,0,36.9,2,14,36.9
"1292",1292,1,0,0,29.2,0,11,29.2
"1293",1293,1,1,1,NA,0,9,NA
"1294",1294,1,1,1,63.5,3,17,63.5
"1295",1295,1,1,0,NA,1,12,NA
"1296",1296,1,0,1,32.3,1,12,32.3
"1297",1297,1,1,1,67,3,16,67
"1298",1298,1,1,1,38.4,2,14,38.4
"1299",1299,1,0,1,29.4,0,11,29.4
"1300",1300,1,1,1,73.2,3,16,73.2
"1301",1301,1,0,1,36.5,1,12,36.5
"1302",1302,1,0,0,29,NA,11,29
"1303",1303,0,0,1,31.3,1,12,31.3
"1304",1304,1,1,1,38,1,13,38
"1305",1305,1,0,1,37.3,1,12,37.3
"1306",1306,1,0,1,38.2,1,15,38.2
"1307",1307,1,1,1,34.6,1,12,34.6
"1308",1308,1,0,1,26.6,1,13,26.6
"1309",1309,1,0,1,30.1,1,12,30.1
"1310",1310,1,0,1,48.5,0,8,48.5
"1311",1311,1,0,1,33.6,1,13,33.6
"1312",1312,1,0,1,29.2,1,12,29.2
"1313",1313,1,1,1,34.6,1,13,34.6
"1314",1314,1,0,1,35.7,1,12,35.7
"1315",1315,1,0,0,37.9,2,14,37.9
"1316",1316,1,1,1,38,3,16,38
"1317",1317,1,1,1,63.5,1,13,63.5
"1318",1318,1,1,1,29.8,1,12,29.8
"1319",1319,0,1,1,38.4,1,13,38.4
"1320",1320,1,1,1,28.4,0,7,28.4
"1321",1321,1,1,1,26.4,1,12,26.4
"1322",1322,1,1,0,28.4,0,12,28.4
"1323",1323,1,0,0,29.5,1,12,29.5
"1324",1324,0,0,1,28.4,0,11,28.4
"1325",1325,1,1,1,63.5,2,14,63.5
"1326",1326,0,0,1,38.9,1,12,38.9
"1327",1327,1,1,0,NA,0,10,NA
"1328",1328,1,0,1,34.2,1,12,34.2
"1329",1329,1,1,1,26.4,1,12,26.4
"1330",1330,1,0,1,29.2,1,12,29.2
"1331",1331,0,0,1,39,1,12,39
"1332",1332,1,1,0,26.7,1,12,26.7
"1333",1333,1,1,1,32.7,0,10,32.7
"1334",1334,1,0,0,34.2,1,12,34.2
"1335",1335,1,0,1,37.3,3,16,37.3
"1336",1336,0,1,1,53.9,1,12,53.9
"1337",1337,1,0,1,54.9,1,14,54.9
"1338",1338,1,0,1,63.5,1,13,63.5
"1339",1339,1,0,1,69.7,3,16,69.7
"1340",1340,1,1,1,30.7,1,12,30.7
"1341",1341,1,0,1,63.2,4,18,63.2
"1342",1342,1,0,1,35.4,0,10,35.4
"1343",1343,1,0,1,54.2,3,16,54.2
"1344",1344,1,0,0,56.5,1,15,56.5
"1345",1345,1,0,1,37.3,1,12,37.3
"1346",1346,1,0,0,45.8,1,12,45.8
"1347",1347,0,0,1,32.1,0,8,32.1
"1348",1348,1,1,1,37.7,1,12,37.7
"1349",1349,1,0,1,37.4,0,3,37.4
"1350",1350,1,1,1,33.1,1,12,33.1
"1351",1351,1,1,1,78.5,3,16,78.5
"1352",1352,1,1,1,76.4,3,16,76.4
"1353",1353,1,0,1,73.8,3,20,73.8
"1354",1354,1,1,0,38.4,3,16,38.4
"1355",1355,1,1,0,38.4,1,15,38.4
"1356",1356,1,0,0,37.8,1,12,37.8
"1357",1357,1,0,1,53.9,2,18,53.9
"1358",1358,1,0,1,85.1,4,20,85.1
"1359",1359,1,0,1,88.3,4,20,88.3
"1360",1360,1,1,1,71.6,4,17,71.6
"1361",1361,1,0,1,85.1,4,19,85.1
"1362",1362,1,1,1,80.9,4,17,80.9
"1363",1363,1,0,1,64.1,3,16,64.1
"1364",1364,1,1,1,62.5,3,16,62.5
"1365",1365,1,1,1,71.6,4,18,71.6
"1366",1366,1,1,1,37.4,3,16,37.4
"1367",1367,1,1,1,82.7,4,20,82.7
"1368",1368,1,0,1,59.3,4,18,59.3
"1369",1369,1,0,0,85.1,3,19,85.1
"1370",1370,1,1,0,32.4,2,15,32.4
"1371",1371,1,1,1,38.4,1,15,38.4
"1372",1372,1,1,1,29.3,1,14,29.3
"1373",1373,1,1,1,29,1,12,29
"1374",1374,1,0,1,37,0,10,37
"1375",1375,1,1,1,33.1,1,13,33.1
"1376",1376,1,0,1,45.3,1,12,45.3
"1377",1377,1,1,1,63.2,3,16,63.2
"1378",1378,1,1,1,37.7,1,12,37.7
"1379",1379,1,0,1,32.3,1,13,32.3
"1380",1380,1,0,1,92.3,4,19,92.3
"1381",1381,1,0,1,34.3,1,12,34.3
"1382",1382,1,1,1,74.4,2,15,74.4
"1383",1383,1,1,1,44.2,1,12,44.2
"1384",1384,1,0,1,28.6,0,5,28.6
"1385",1385,1,1,1,56.6,1,12,56.6
"1386",1386,1,1,1,85.1,1,15,85.1
"1387",1387,1,1,1,73.2,2,16,73.2
"1388",1388,1,1,1,63.5,3,16,63.5
"1389",1389,1,0,1,NA,3,18,NA
"1390",1390,1,1,1,36.7,1,18,36.7
"1391",1391,0,1,1,74.1,2,15,74.1
"1392",1392,0,1,0,64.8,1,15,64.8
"1393",1393,1,0,0,32.4,1,13,32.4
"1394",1394,1,1,1,41.6,1,15,41.6
"1395",1395,1,0,1,33.6,3,16,33.6
"1396",1396,1,1,1,78.5,4,19,78.5
"1397",1397,1,0,1,29.2,2,14,29.2
"1398",1398,1,0,1,49.6,1,14,49.6
"1399",1399,1,0,1,28.6,1,12,28.6
"1400",1400,1,0,1,39.4,1,12,39.4
"1401",1401,0,0,0,70,1,12,70
"1402",1402,1,0,1,62.2,1,13,62.2
"1403",1403,1,0,1,38.1,1,13,38.1
"1404",1404,1,0,1,49.6,1,12,49.6
"1405",1405,1,1,1,87,2,15,87
"1406",1406,1,0,0,73.9,4,20,73.9
"1407",1407,1,0,1,48.6,1,17,48.6
"1408",1408,1,1,1,80.3,1,15,80.3
"1409",1409,1,1,1,78.5,3,18,78.5
"1410",1410,1,1,1,73.9,4,20,73.9
"1411",1411,1,0,1,28.4,1,12,28.4
"1412",1412,1,1,1,33.1,0,8,33.1
"1413",1413,1,1,0,30.8,1,11,30.8
"1414",1414,1,1,0,33.1,1,13,33.1
"1415",1415,1,1,1,60.6,1,12,60.6
"1416",1416,1,1,1,92.9,4,20,92.9
"1417",1417,1,0,1,92.3,4,20,92.3
"1418",1418,1,1,1,38.4,1,14,38.4
"1419",1419,1,0,1,63.5,1,12,63.5
"1420",1420,1,0,1,63.5,3,16,63.5
"1421",1421,1,0,1,63.5,3,17,63.5
"1422",1422,1,1,1,50.5,1,12,50.5
"1423",1423,1,0,1,28.4,3,16,28.4
"1424",1424,1,0,1,54.2,2,14,54.2
"1425",1425,1,1,1,50.5,3,16,50.5
"1426",1426,1,0,1,42.2,1,16,42.2
"1427",1427,1,1,1,63.5,1,12,63.5
"1428",1428,1,0,1,29.2,0,6,29.2
"1429",1429,1,1,0,63.2,3,16,63.2
"1430",1430,1,0,1,63.5,1,14,63.5
"1431",1431,1,1,1,32.4,1,12,32.4
"1432",1432,1,0,1,36.5,1,14,36.5
"1433",1433,1,0,0,33.6,1,12,33.6
"1434",1434,1,1,1,33.1,2,16,33.1
"1435",1435,1,0,1,26.7,0,10,26.7
"1436",1436,1,1,1,37.3,1,12,37.3
"1437",1437,1,1,1,26.4,1,11,26.4
"1438",1438,1,0,1,39.4,1,12,39.4
"1439",1439,1,1,1,29.2,1,12,29.2
"1440",1440,1,0,1,78,1,15,78
"1441",1441,1,1,0,53.3,1,12,53.3
"1442",1442,1,0,0,28.4,3,16,28.4
"1443",1443,0,0,1,31.4,1,12,31.4
"1444",1444,1,1,1,29.3,1,12,29.3
"1445",1445,1,1,1,54.7,1,14,54.7
"1446",1446,1,0,1,NA,1,11,NA
"1447",1447,1,0,1,62.5,1,13,62.5
"1448",1448,0,0,1,28.6,1,12,28.6
"1449",1449,1,0,1,78.5,4,20,78.5
"1450",1450,1,0,1,64.8,1,15,64.8
"1451",1451,1,1,1,83.7,1,16,83.7
"1452",1452,1,0,1,53.9,1,12,53.9
"1453",1453,1,0,1,63.5,1,12,63.5
"1454",1454,1,0,0,63.5,4,18,63.5
"1455",1455,1,0,1,63.5,1,12,63.5
"1456",1456,1,1,1,38.4,1,12,38.4
"1457",1457,0,1,1,48.9,1,12,48.9
"1458",1458,1,0,1,32.3,1,13,32.3
"1459",1459,1,0,1,28.4,0,9,28.4
"1460",1460,1,0,1,78.5,4,18,78.5
"1461",1461,1,0,1,21.1,1,11,21.1
"1462",1462,1,1,1,21.2,1,12,21.2
"1463",1463,1,1,1,64.4,2,14,64.4
"1464",1464,0,0,1,63.2,1,13,63.2
"1465",1465,1,0,1,61.9,3,16,61.9
"1466",1466,1,1,1,26.4,1,13,26.4
"1467",1467,1,1,1,67,3,16,67
"1468",1468,1,1,1,63.5,3,17,63.5
"1469",1469,1,1,1,64.8,1,13,64.8
"1470",1470,1,1,1,55.1,4,18,55.1
"1471",1471,1,0,1,26.4,1,14,26.4
"1472",1472,1,1,1,37.9,1,16,37.9
"1473",1473,1,0,1,29,1,17,29
"1474",1474,1,0,1,37.4,3,16,37.4
"1475",1475,1,0,0,29.2,1,12,29.2
"1476",1476,1,1,1,33.6,1,13,33.6
"1477",1477,1,1,1,79.9,4,20,79.9
"1478",1478,1,1,1,32.4,1,NA,32.4
"1479",1479,1,1,1,69.2,3,16,69.2
"1480",1480,1,1,1,55.1,3,17,55.1
"1481",1481,1,1,1,NA,1,12,NA
"1482",1482,1,1,1,37.7,1,14,37.7
"1483",1483,1,1,1,37.9,1,12,37.9
"1484",1484,1,1,1,50.5,1,13,50.5
"1485",1485,1,0,1,63.5,2,16,63.5
"1486",1486,1,0,1,29.4,1,13,29.4
"1487",1487,1,1,1,29.6,1,12,29.6
"1488",1488,1,0,1,48.5,2,14,48.5
"1489",1489,1,0,1,33.9,0,8,33.9
"1490",1490,0,0,0,34.3,0,9,34.3
"1491",1491,0,1,1,29.4,1,12,29.4
"1492",1492,1,0,1,25.8,0,10,25.8
"1493",1493,1,1,1,32.4,1,12,32.4
"1494",1494,1,0,1,32.3,1,12,32.3
"1495",1495,1,0,1,38.4,1,13,38.4
"1496",1496,1,0,1,48.5,1,12,48.5
"1497",1497,1,0,0,26.3,1,9,26.3
"1498",1498,0,0,1,44.7,0,12,44.7
"1499",1499,1,1,0,46.7,1,12,46.7
"1500",1500,1,1,0,39,3,16,39
"1501",1501,1,1,1,NA,0,4,NA
"1502",1502,1,1,1,44.3,4,18,44.3
"1503",1503,0,0,1,17.6,0,NA,17.6
"1504",1504,1,1,1,50.7,1,11,50.7
"1505",1505,1,1,0,33.1,1,12,33.1
"1506",1506,1,0,0,80.3,2,17,80.3
"1507",1507,1,1,1,36.9,1,12,36.9
"1508",1508,1,1,1,17.1,1,11,17.1
"1509",1509,1,1,1,56.6,1,14,56.6
"1510",1510,0,0,1,31.3,1,12,31.3
"1511",1511,0,0,0,28.4,1,12,28.4
"1512",1512,1,0,1,63.5,1,11,63.5
"1513",1513,1,0,1,29.4,1,16,29.4
"1514",1514,1,1,1,31.9,0,7,31.9
"1515",1515,1,1,1,78.5,3,16,78.5
"1516",1516,1,0,1,44.7,1,12,44.7
"1517",1517,1,1,1,38,1,12,38
"1518",1518,1,1,1,66.1,1,13,66.1
"1519",1519,1,1,0,63.5,1,13,63.5
"1520",1520,0,1,1,63.5,1,14,63.5
"1521",1521,1,1,1,71.6,3,17,71.6
"1522",1522,1,1,1,43.7,1,13,43.7
"1523",1523,1,1,1,73.6,3,16,73.6
"1524",1524,1,0,1,74.4,4,18,74.4
"1525",1525,1,1,0,34.3,1,14,34.3
"1526",1526,1,0,0,32.3,1,15,32.3
"1527",1527,1,1,1,32,1,12,32
"1528",1528,1,0,1,48.6,1,15,48.6
"1529",1529,1,1,1,51,4,17,51
"1530",1530,1,1,1,48.5,1,12,48.5
"1531",1531,1,0,1,65.8,3,16,65.8
"1532",1532,1,1,1,38.4,1,12,38.4
"1533",1533,1,0,1,69.7,1,12,69.7
"1534",1534,1,0,1,34.2,1,12,34.2
"1535",1535,1,1,1,69.2,1,12,69.2
"1536",1536,1,0,1,42.4,1,12,42.4
"1537",1537,1,1,1,36.5,0,9,36.5
"1538",1538,1,1,1,63.5,3,16,63.5
"1539",1539,1,0,1,73.9,0,6,73.9
"1540",1540,1,1,0,30.1,0,NA,30.1
"1541",1541,1,0,1,61.9,1,12,61.9
"1542",1542,1,0,1,45.9,1,12,45.9
"1543",1543,1,0,1,63.5,0,8,63.5
"1544",1544,1,0,1,97.2,4,20,97.2
"1545",1545,1,0,0,45.4,1,18,45.4
"1546",1546,1,0,1,53.7,0,11,53.7
"1547",1547,1,0,1,53.7,3,16,53.7
"1548",1548,1,0,1,65.8,1,13,65.8
"1549",1549,1,1,0,63.5,1,14,63.5
"1550",1550,1,1,1,53.7,3,16,53.7
"1551",1551,1,1,1,26.4,1,10,26.4
"1552",1552,1,0,1,63.2,0,10,63.2
"1553",1553,1,0,1,31.5,0,10,31.5
"1554",1554,1,1,1,26.7,0,8,26.7
"1555",1555,1,1,1,38,1,15,38
"1556",1556,1,0,0,31.5,1,14,31.5
"1557",1557,1,1,1,63.5,1,14,63.5
"1558",1558,1,1,1,38,1,14,38
"1559",1559,1,0,1,35.1,0,9,35.1
"1560",1560,1,0,1,24.8,0,9,24.8
"1561",1561,1,1,1,50.7,1,14,50.7
"1562",1562,1,1,1,NA,1,12,NA
"1563",1563,1,0,1,31.5,1,13,31.5
"1564",1564,1,1,1,38.4,2,14,38.4
"1565",1565,1,0,1,63.5,1,12,63.5
"1566",1566,1,1,1,56.6,3,13,56.6
"1567",1567,1,0,1,36.5,2,14,36.5
"1568",1568,1,1,0,37.7,1,16,37.7
"1569",1569,1,1,1,73.2,3,19,73.2
"1570",1570,1,1,1,38.4,1,14,38.4
"1571",1571,1,1,1,38.9,1,15,38.9
"1572",1572,1,1,1,20.1,0,7,20.1
"1573",1573,1,1,1,20.1,0,11,20.1
"1574",1574,1,1,1,46.3,3,16,46.3
"1575",1575,1,1,1,26.5,0,12,26.5
"1576",1576,1,1,1,25.2,1,12,25.2
"1577",1577,1,0,1,49.4,1,14,49.4
"1578",1578,1,1,1,38.4,1,13,38.4
"1579",1579,1,0,1,38.1,1,13,38.1
"1580",1580,1,0,1,31.5,0,9,31.5
"1581",1581,1,0,1,48.5,2,13,48.5
"1582",1582,1,1,0,29.2,1,14,29.2
"1583",1583,1,1,1,57.1,1,12,57.1
"1584",1584,1,0,1,63.5,3,16,63.5
"1585",1585,1,0,1,63.5,4,18,63.5
"1586",1586,1,0,1,87,4,20,87
"1587",1587,1,0,1,63.5,3,17,63.5
"1588",1588,1,1,1,59,3,18,59
"1589",1589,1,0,1,49.6,1,14,49.6
"1590",1590,1,1,1,63.5,1,12,63.5
"1591",1591,1,1,0,63.5,3,17,63.5
"1592",1592,1,0,1,63.5,1,20,63.5
"1593",1593,1,1,1,NA,1,13,NA
"1594",1594,1,1,1,90,3,16,90
"1595",1595,1,1,1,78.5,3,16,78.5
"1596",1596,1,1,0,76.4,1,15,76.4
"1597",1597,1,0,0,33.6,1,12,33.6
"1598",1598,1,1,1,50.7,1,12,50.7
"1599",1599,1,1,1,26.4,1,12,26.4
"1600",1600,1,0,1,29.8,1,13,29.8
"1601",1601,1,1,1,33.1,1,12,33.1
"1602",1602,1,0,1,86,1,14,86
"1603",1603,1,1,1,50.5,2,13,50.5
"1604",1604,1,0,1,74.4,3,17,74.4
"1605",1605,1,0,1,29.2,1,12,29.2
"1606",1606,1,1,1,37.4,1,12,37.4
"1607",1607,1,1,1,43.6,2,14,43.6
"1608",1608,1,1,1,46.7,1,12,46.7
"1609",1609,1,1,0,38.9,0,12,38.9
"1610",1610,1,1,1,38.4,1,13,38.4
"1611",1611,1,0,1,43.4,0,11,43.4
"1612",1612,1,0,0,30.1,2,16,30.1
"1613",1613,0,1,1,26.7,1,10,26.7
"1614",1614,1,1,1,30,0,9,30
"1615",1615,1,1,1,61.4,1,14,61.4
"1616",1616,1,0,0,31.4,3,16,31.4
"1617",1617,1,1,1,36.9,1,12,36.9
"1618",1618,1,0,1,97.2,4,20,97.2
"1619",1619,1,1,1,38.4,1,14,38.4
"1620",1620,1,0,0,32.3,1,14,32.3
"1621",1621,1,0,0,48.9,1,13,48.9
"1622",1622,1,0,1,74.9,3,16,74.9
"1623",1623,1,0,1,56.5,1,14,56.5
"1624",1624,1,1,1,69.2,3,16,69.2
"1625",1625,1,1,1,38,1,14,38
"1626",1626,1,1,1,38,1,14,38
"1627",1627,1,0,1,97.2,4,20,97.2
"1628",1628,1,1,1,37.3,1,12,37.3
"1629",1629,1,1,1,38.4,1,12,38.4
"1630",1630,1,1,1,50.7,1,14,50.7
"1631",1631,1,0,1,63.5,3,16,63.5
"1632",1632,1,1,1,74.4,2,15,74.4
"1633",1633,1,1,1,26.7,0,12,26.7
"1634",1634,1,0,1,63.5,2,14,63.5
"1635",1635,1,1,1,66.3,1,13,66.3
"1636",1636,1,0,1,63.5,4,17,63.5
"1637",1637,0,0,1,35.1,1,12,35.1
"1638",1638,1,1,0,53.3,2,14,53.3
"1639",1639,1,0,0,84.7,1,16,84.7
"1640",1640,1,0,0,65.8,3,16,65.8
"1641",1641,1,1,1,68.1,1,12,68.1
"1642",1642,1,1,1,40,1,15,40
"1643",1643,1,1,0,92.3,4,19,92.3
"1644",1644,1,0,0,50.7,3,16,50.7
"1645",1645,1,1,0,84.7,3,16,84.7
"1646",1646,1,0,1,63.5,3,16,63.5
"1647",1647,1,1,1,62.5,4,18,62.5
"1648",1648,1,1,1,78.5,3,16,78.5
"1649",1649,1,0,1,45.8,1,12,45.8
"1650",1650,1,0,0,62.5,4,18,62.5
"1651",1651,1,1,0,65.2,2,14,65.2
"1652",1652,1,1,1,45.4,0,9,45.4
"1653",1653,1,0,1,63.5,1,15,63.5
"1654",1654,1,1,1,39.4,1,12,39.4
"1655",1655,1,0,0,27.5,0,10,27.5
"1656",1656,1,0,1,37.6,1,14,37.6
"1657",1657,1,0,1,33.9,1,16,33.9
"1658",1658,1,1,1,74.4,1,14,74.4
"1659",1659,1,1,1,54.7,1,13,54.7
"1660",1660,1,0,1,63.5,3,16,63.5
"1661",1661,1,0,0,37.6,1,13,37.6
"1662",1662,1,1,1,27.5,0,10,27.5
"1663",1663,1,1,1,62.1,0,9,62.1
"1664",1664,1,0,1,80.3,4,18,80.3
"1665",1665,1,1,1,64.4,4,18,64.4
"1666",1666,1,0,1,38.1,0,13,38.1
"1667",1667,1,1,1,25.2,0,11,25.2
"1668",1668,1,1,1,83.7,3,16,83.7
"1669",1669,1,0,1,63.2,1,15,63.2
"1670",1670,1,0,1,80.3,1,11,80.3
"1671",1671,1,1,1,78.5,3,16,78.5
"1672",1672,1,0,1,22.5,1,16,22.5
"1673",1673,1,0,1,39,1,12,39
"1674",1674,1,1,1,37.7,1,12,37.7
"1675",1675,1,1,0,38.4,3,18,38.4
"1676",1676,1,0,1,28.4,1,14,28.4
"1677",1677,1,1,1,63.2,1,14,63.2
"1678",1678,0,0,1,31.5,1,14,31.5
"1679",1679,1,1,1,29.3,1,12,29.3
"1680",1680,1,1,1,21.2,0,10,21.2
"1681",1681,1,1,1,22.5,0,8,22.5
"1682",1682,1,0,1,31.5,1,13,31.5
"1683",1683,1,1,0,34.6,1,13,34.6
"1684",1684,1,1,0,NA,0,13,NA
"1685",1685,1,1,1,78.5,1,13,78.5
"1686",1686,1,0,1,28.4,1,11,28.4
"1687",1687,1,1,1,69.2,4,16,69.2
"1688",1688,1,1,0,NA,0,11,NA
"1689",1689,1,1,0,36.5,1,12,36.5
"1690",1690,1,0,1,51.9,1,13,51.9
"1691",1691,1,1,1,33.1,0,9,33.1
"1692",1692,1,1,1,33.6,0,10,33.6
"1693",1693,1,0,0,63.2,3,17,63.2
"1694",1694,1,0,1,35.4,1,14,35.4
"1695",1695,1,1,1,33.2,0,11,33.2
"1696",1696,1,1,1,63.5,1,12,63.5
"1697",1697,1,0,0,29.4,0,12,29.4
"1698",1698,1,1,1,43.7,1,14,43.7
"1699",1699,1,0,1,86.5,1,13,86.5
"1700",1700,1,0,1,27.5,0,7,27.5
"1701",1701,1,1,1,29.8,0,11,29.8
"1702",1702,1,1,1,37.7,1,12,37.7
"1703",1703,1,1,1,22.5,1,13,22.5
"1704",1704,1,0,0,NA,0,9,NA
"1705",1705,1,1,1,26.4,2,13,26.4
"1706",1706,1,1,1,37.3,1,12,37.3
"1707",1707,1,0,0,50.7,1,12,50.7
"1708",1708,1,1,1,29.3,1,13,29.3
"1709",1709,1,0,1,31.5,2,14,31.5
"1710",1710,1,1,1,62.1,1,14,62.1
"1711",1711,1,1,1,73.2,2,15,73.2
"1712",1712,1,1,1,36.9,1,14,36.9
"1713",1713,1,1,1,53.3,1,14,53.3
"1714",1714,1,0,0,63.5,2,14,63.5
"1715",1715,1,1,0,50.7,1,13,50.7
"1716",1716,1,0,1,73.3,1,14,73.3
"1717",1717,1,0,1,63.5,1,12,63.5
"1718",1718,1,1,1,40.2,1,13,40.2
"1719",1719,0,0,1,45.3,1,12,45.3
"1720",1720,1,1,1,NA,0,6,NA
"1721",1721,1,1,1,63.5,1,12,63.5
"1722",1722,1,1,1,38,1,13,38
"1723",1723,0,0,1,50.7,1,12,50.7
"1724",1724,1,1,1,29,0,5,29
"1725",1725,1,0,1,44.7,1,12,44.7
"1726",1726,1,0,1,53.4,1,13,53.4
"1727",1727,1,1,1,74.4,1,12,74.4
"1728",1728,1,1,1,29.2,0,8,29.2
"1729",1729,1,0,1,69.7,2,14,69.7
"1730",1730,1,1,1,29.3,1,12,29.3
"1731",1731,1,0,0,37.3,1,12,37.3
"1732",1732,1,0,0,28.6,1,12,28.6
"1733",1733,1,0,1,53.4,0,8,53.4
"1734",1734,1,0,0,44.7,0,8,44.7
"1735",1735,1,1,1,52.3,1,12,52.3
"1736",1736,1,0,0,83.7,1,13,83.7
"1737",1737,1,1,0,33.1,0,9,33.1
"1738",1738,1,0,1,36.5,0,9,36.5
"1739",1739,1,1,0,73.6,3,16,73.6
"1740",1740,1,1,1,73.7,3,16,73.7
"1741",1741,1,0,1,53.7,1,12,53.7
"1742",1742,1,1,1,68.1,1,12,68.1
"1743",1743,1,0,0,62.5,3,17,62.5
"1744",1744,1,1,1,74.4,1,14,74.4
"1745",1745,1,0,1,83.7,1,13,83.7
"1746",1746,1,1,1,NA,1,13,NA
"1747",1747,1,1,1,39.4,1,12,39.4
"1748",1748,1,1,1,61.9,1,14,61.9
"1749",1749,1,0,1,32.3,1,12,32.3
"1750",1750,1,0,1,63.5,0,10,63.5
"1751",1751,1,0,1,38.1,1,12,38.1
"1752",1752,1,0,1,61.1,0,8,61.1
"1753",1753,1,0,0,29.2,1,12,29.2
"1754",1754,0,0,1,28.4,1,12,28.4
"1755",1755,0,0,0,38.1,1,13,38.1
"1756",1756,1,0,0,33.2,0,10,33.2
"1757",1757,1,1,0,50.7,1,12,50.7
"1758",1758,1,1,1,29.5,1,13,29.5
"1759",1759,1,1,1,38.4,1,14,38.4
"1760",1760,1,0,1,39,0,10,39
"1761",1761,1,0,1,29.2,1,14,29.2
"1762",1762,1,1,0,61.4,2,14,61.4
"1763",1763,1,1,1,32.4,1,NA,32.4
"1764",1764,1,0,1,54.9,1,13,54.9
"1765",1765,1,0,0,40,1,12,40
"1766",1766,1,0,1,38.9,1,12,38.9
"1767",1767,0,1,1,38.9,1,12,38.9
"1768",1768,1,1,1,76.4,3,16,76.4
"1769",1769,1,1,1,65.8,3,16,65.8
"1770",1770,1,1,1,38,1,12,38
"1771",1771,1,1,1,80.3,4,18,80.3
"1772",1772,1,0,1,87.9,3,16,87.9
"1773",1773,1,1,1,48.5,1,12,48.5
"1774",1774,1,0,1,61.9,1,15,61.9
"1775",1775,1,0,1,25.8,1,15,25.8
"1776",1776,1,1,1,73.6,3,16,73.6
"1777",1777,1,0,1,32.7,1,13,32.7
"1778",1778,0,1,0,48.5,4,18,48.5
"1779",1779,1,1,1,51,3,16,51
"1780",1780,1,1,0,27.5,1,12,27.5
"1781",1781,1,0,0,39.5,1,12,39.5
"1782",1782,1,0,1,27.5,2,14,27.5
"1783",1783,1,1,0,64.4,4,18,64.4
"1784",1784,1,0,0,56.5,3,16,56.5
"1785",1785,1,0,0,67,1,15,67
"1786",1786,1,0,1,37.3,1,12,37.3
"1787",1787,1,1,1,29.3,1,12,29.3
"1788",1788,1,0,1,22.9,1,12,22.9
"1789",1789,1,1,0,NA,1,13,NA
"1790",1790,1,0,1,31.5,0,7,31.5
"1791",1791,1,1,1,64.1,2,15,64.1
"1792",1792,1,0,1,36.4,1,12,36.4
"1793",1793,1,1,1,29.3,1,13,29.3
"1794",1794,1,1,0,34.2,0,12,34.2
"1795",1795,0,1,1,32.7,0,11,32.7
"1796",1796,1,1,1,33.1,1,14,33.1
"1797",1797,1,1,0,22.5,0,10,22.5
"1798",1798,1,1,1,NA,1,13,NA
"1799",1799,1,1,0,NA,0,11,NA
"1800",1800,1,1,0,30.7,1,13,30.7
"1801",1801,1,1,1,27.5,1,12,27.5
"1802",1802,1,0,1,28.6,1,12,28.6
"1803",1803,0,1,1,74.4,3,16,74.4
"1804",1804,1,1,1,32,0,8,32
"1805",1805,1,1,1,51,1,13,51
"1806",1806,1,0,1,31.5,1,12,31.5
"1807",1807,1,0,1,48.5,1,12,48.5
"1808",1808,1,0,1,34.2,1,12,34.2
"1809",1809,1,0,1,48.5,1,13,48.5
"1810",1810,1,1,1,29.2,1,12,29.2
"1811",1811,1,0,1,80.3,4,18,80.3
"1812",1812,1,0,1,38.9,1,12,38.9
"1813",1813,1,0,1,29.2,1,15,29.2
"1814",1814,1,1,1,29.2,1,12,29.2
"1815",1815,1,1,1,27.7,1,12,27.7
"1816",1816,1,1,0,36.5,0,11,36.5
"1817",1817,1,0,1,31.5,1,12,31.5
"1818",1818,1,1,1,37.3,1,12,37.3
"1819",1819,1,1,1,17.6,0,11,17.6
"1820",1820,1,1,1,38.4,1,12,38.4
"1821",1821,0,0,1,37.3,1,12,37.3
"1822",1822,1,1,1,57.1,3,16,57.1
"1823",1823,1,1,0,66.1,4,19,66.1
"1824",1824,1,0,1,28.6,4,18,28.6
"1825",1825,1,1,1,43.7,1,14,43.7
"1826",1826,0,1,1,43.7,0,8,43.7
"1827",1827,1,1,1,36.5,1,13,36.5
"1828",1828,1,1,0,78.5,3,18,78.5
"1829",1829,1,0,0,32.3,1,12,32.3
"1830",1830,1,1,1,38.4,1,12,38.4
"1831",1831,1,1,1,38.4,1,14,38.4
"1832",1832,1,1,1,33.1,1,12,33.1
"1833",1833,1,0,1,80.3,3,16,80.3
"1834",1834,1,1,0,43.7,1,15,43.7
"1835",1835,1,0,1,48.9,1,14,48.9
"1836",1836,1,0,0,53.9,1,12,53.9
"1837",1837,1,0,1,96,4,18,96
"1838",1838,1,0,0,27.5,1,12,27.5
"1839",1839,1,0,1,48.5,2,15,48.5
"1840",1840,1,0,1,48.9,0,8,48.9
"1841",1841,1,1,1,38.4,1,12,38.4
"1842",1842,1,1,1,74.4,4,18,74.4
"1843",1843,1,1,0,38.4,2,14,38.4
"1844",1844,1,0,1,37.3,1,12,37.3
"1845",1845,0,0,1,62.5,1,15,62.5
"1846",1846,1,1,1,50.7,1,11,50.7
"1847",1847,1,0,1,28.4,1,12,28.4
"1848",1848,1,0,1,36.5,1,12,36.5
"1849",1849,1,1,1,97.2,3,16,97.2
"1850",1850,1,1,1,43.7,1,12,43.7
"1851",1851,1,0,1,36.5,2,15,36.5
"1852",1852,1,1,1,73.2,1,15,73.2
"1853",1853,1,1,1,73.2,2,16,73.2
"1854",1854,1,1,1,37.7,1,13,37.7
"1855",1855,1,0,1,63.5,1,12,63.5
"1856",1856,1,0,1,63.5,1,12,63.5
"1857",1857,1,1,1,36.5,1,12,36.5
"1858",1858,1,0,1,64.1,1,10,64.1
"1859",1859,1,1,1,55.1,4,18,55.1
"1860",1860,1,0,1,31.5,1,15,31.5
"1861",1861,1,0,1,36.5,0,11,36.5
"1862",1862,1,1,0,63.5,1,9,63.5
"1863",1863,1,0,1,63.5,1,12,63.5
"1864",1864,1,0,1,32.3,1,12,32.3
"1865",1865,1,1,1,21.2,0,9,21.2
"1866",1866,1,0,1,37.6,1,12,37.6
"1867",1867,1,1,1,28.4,1,12,28.4
"1868",1868,1,1,1,29.1,0,9,29.1
"1869",1869,1,1,1,NA,0,11,NA
"1870",1870,1,0,1,30.2,0,9,30.2
"1871",1871,1,0,1,31.5,1,10,31.5
"1872",1872,1,1,1,35.4,1,12,35.4
"1873",1873,1,1,1,80.9,1,12,80.9
"1874",1874,1,0,1,63.5,1,14,63.5
"1875",1875,1,1,1,37.7,1,13,37.7
"1876",1876,0,1,1,78.5,3,16,78.5
"1877",1877,1,1,1,33.1,1,12,33.1
"1878",1878,1,1,1,32.7,1,12,32.7
"1879",1879,1,1,1,37.9,1,12,37.9
"1880",1880,1,0,1,28.6,1,14,28.6
"1881",1881,1,1,1,29.8,1,12,29.8
"1882",1882,1,0,1,37.3,0,11,37.3
"1883",1883,1,1,1,33.1,0,11,33.1
"1884",1884,1,0,1,37.3,1,14,37.3
"1885",1885,1,1,1,43.7,1,12,43.7
"1886",1886,1,1,0,NA,1,15,NA
"1887",1887,1,1,1,27.7,1,12,27.7
"1888",1888,0,1,1,NA,1,12,NA
"1889",1889,1,1,1,38.4,1,15,38.4
"1890",1890,1,1,1,63.5,0,11,63.5
"1891",1891,1,1,1,29.3,0,9,29.3
"1892",1892,1,1,1,NA,1,12,NA
"1893",1893,1,1,1,63.5,1,16,63.5
"1894",1894,1,1,1,36.5,1,11,36.5
"1895",1895,1,0,1,38.9,3,16,38.9
"1896",1896,1,0,1,62.1,4,20,62.1
"1897",1897,1,1,1,88.8,3,16,88.8
"1898",1898,1,1,1,29,1,12,29
"1899",1899,1,1,1,69.2,1,11,69.2
"1900",1900,1,0,1,NA,4,17,NA
"1901",1901,1,1,1,29.2,1,12,29.2
"1902",1902,1,1,0,29.2,1,12,29.2
"1903",1903,1,1,1,38.4,1,14,38.4
"1904",1904,1,1,1,32.3,0,10,32.3
"1905",1905,1,1,1,38.9,1,14,38.9
"1906",1906,1,1,0,38.9,1,12,38.9
"1907",1907,1,1,1,38.4,0,0,38.4
"1908",1908,1,1,0,22.5,0,11,22.5
"1909",1909,1,1,1,29.1,0,8,29.1
"1910",1910,1,1,1,28.4,0,10,28.4
"1911",1911,1,1,1,38.9,2,14,38.9
"1912",1912,1,0,1,28.6,1,12,28.6
"1913",1913,1,0,1,43.7,0,7,43.7
"1914",1914,1,0,1,38.9,1,12,38.9
"1915",1915,1,1,1,63.5,3,17,63.5
"1916",1916,1,0,1,78.5,3,17,78.5
"1917",1917,0,1,1,NA,0,11,NA
"1918",1918,1,0,0,31.4,1,12,31.4
"1919",1919,1,0,1,73.8,1,16,73.8
"1920",1920,1,0,0,38.9,1,12,38.9
"1921",1921,1,0,1,66.1,1,12,66.1
"1922",1922,1,0,1,63.5,0,11,63.5
"1923",1923,0,0,1,28.6,3,19,28.6
"1924",1924,0,0,1,63.2,0,10,63.2
"1925",1925,1,1,0,57.1,3,20,57.1
"1926",1926,1,1,0,63.5,3,16,63.5
"1927",1927,1,0,0,32.4,1,15,32.4
"1928",1928,0,1,1,29.2,1,12,29.2
"1929",1929,1,1,1,74.9,2,16,74.9
"1930",1930,1,0,1,73.2,2,14,73.2
"1931",1931,1,1,0,30.8,3,19,30.8
"1932",1932,1,0,1,80.9,4,18,80.9
"1933",1933,1,1,1,43.7,1,12,43.7
"1934",1934,1,0,1,53.3,3,16,53.3
"1935",1935,0,1,1,83.7,1,14,83.7
"1936",1936,1,0,1,28.6,1,14,28.6
"1937",1937,1,1,1,38,3,16,38
"1938",1938,1,0,1,39.4,1,14,39.4
"1939",1939,1,0,1,66.1,1,12,66.1
"1940",1940,1,1,1,61.9,1,12,61.9
"1941",1941,1,0,1,63.2,3,16,63.2
"1942",1942,1,1,1,38.4,1,13,38.4
"1943",1943,1,0,1,97.2,3,16,97.2
"1944",1944,1,0,0,38.9,1,13,38.9
"1945",1945,1,1,1,38.4,1,14,38.4
"1946",1946,1,0,1,50.7,3,19,50.7
"1947",1947,1,0,0,29.2,1,14,29.2
"1948",1948,1,1,0,33.1,0,11,33.1
"1949",1949,1,1,1,38.9,0,11,38.9
"1950",1950,0,0,0,36.5,1,16,36.5
"1951",1951,1,0,1,30.1,1,10,30.1
"1952",1952,1,0,0,80.3,4,20,80.3
"1953",1953,1,1,1,38.4,1,13,38.4
"1954",1954,1,0,0,NA,1,14,NA
"1955",1955,1,1,0,64.8,2,14,64.8
"1956",1956,1,1,0,NA,1,16,NA
"1957",1957,1,0,0,33.1,1,13,33.1
"1958",1958,1,1,0,38.4,1,15,38.4
"1959",1959,1,0,0,53.1,4,18,53.1
"1960",1960,0,0,1,31.5,0,8,31.5
"1961",1961,1,0,0,35.1,1,13,35.1
"1962",1962,1,1,0,53.3,3,16,53.3
"1963",1963,1,1,0,29.3,1,14,29.3
"1964",1964,1,1,0,38.4,1,14,38.4
"1965",1965,1,0,0,NA,1,15,NA
"1966",1966,1,0,0,38.4,1,14,38.4
"1967",1967,1,1,0,35.4,1,15,35.4
"1968",1968,1,1,0,34.4,1,11,34.4
"1969",1969,1,0,1,29.2,1,19,29.2
"1970",1970,1,1,1,36.5,1,11,36.5
"1971",1971,1,0,1,29.5,0,11,29.5
"1972",1972,1,0,1,31.5,0,12,31.5
"1973",1973,1,0,1,38.9,1,13,38.9
"1974",1974,1,1,1,74,1,12,74
"1975",1975,1,1,1,33.1,0,10,33.1
"1976",1976,1,1,1,NA,1,12,NA
"1977",1977,1,1,0,43.7,2,14,43.7
"1978",1978,1,1,0,27.5,1,12,27.5
"1979",1979,1,1,1,56.6,1,12,56.6
"1980",1980,1,1,1,43.7,2,15,43.7
"1981",1981,1,0,1,37.2,1,13,37.2
"1982",1982,1,1,0,50.7,1,12,50.7
"1983",1983,1,1,1,43.7,1,12,43.7
"1984",1984,1,1,1,38.4,2,15,38.4
"1985",1985,1,1,1,29.8,1,12,29.8
"1986",1986,1,1,1,30.8,0,9,30.8
"1987",1987,0,0,1,29.2,0,7,29.2
"1988",1988,1,0,1,48.5,1,12,48.5
"1989",1989,1,1,1,41.6,1,13,41.6
"1990",1990,1,1,1,50.7,2,14,50.7
"1991",1991,1,1,1,38.4,1,12,38.4
"1992",1992,1,1,0,73.3,4,19,73.3
"1993",1993,1,0,1,35.1,1,14,35.1
"1994",1994,1,1,1,66.1,3,16,66.1
"1995",1995,1,0,1,78,4,18,78
"1996",1996,1,0,1,78.5,3,17,78.5
"1997",1997,0,0,1,53.9,1,12,53.9
"1998",1998,1,1,1,76.5,4,20,76.5
"1999",1999,1,1,1,80.3,4,18,80.3
"2000",2000,1,0,0,38.4,1,15,38.4
"2001",2001,1,0,1,36.5,NA,11,36.5
"2002",2002,1,0,1,62,1,15,62
"2003",2003,1,1,1,36.5,1,12,36.5
"2004",2004,1,0,1,48.5,1,12,48.5
"2005",2005,1,1,1,61.9,3,16,61.9
"2006",2006,1,0,1,27.7,1,13,27.7
"2007",2007,1,1,1,31.5,2,18,31.5
"2008",2008,1,1,1,34.8,0,13,34.8
"2009",2009,1,1,1,38.4,1,12,38.4
"2010",2010,1,1,1,38.4,1,14,38.4
"2011",2011,1,1,0,50.7,1,10,50.7
"2012",2012,1,0,1,33.1,0,8,33.1
"2013",2013,1,1,0,44.3,1,14,44.3
"2014",2014,1,0,1,53.3,3,16,53.3
"2015",2015,1,1,1,73.2,1,14,73.2
"2016",2016,0,1,1,NA,1,12,NA
"2017",2017,1,1,1,78.5,3,17,78.5
"2018",2018,1,1,1,73.2,1,14,73.2
"2019",2019,1,1,1,38.9,1,12,38.9
"2020",2020,1,1,1,63.5,1,12,63.5
"2021",2021,1,1,1,80.3,3,16,80.3
"2022",2022,1,0,1,38.2,1,13,38.2
"2023",2023,1,1,1,78.5,4,17,78.5
"2024",2024,1,1,0,32.4,3,17,32.4
"2025",2025,1,0,0,26.6,1,12,26.6
"2026",2026,1,1,1,36.5,3,16,36.5
"2027",2027,1,1,0,58.3,1,13,58.3
"2028",2028,1,0,1,63.5,4,20,63.5
"2029",2029,1,1,0,60.6,3,16,60.6
"2030",2030,1,0,0,26.7,1,13,26.7
"2031",2031,1,1,0,59,3,17,59
"2032",2032,1,0,0,63.5,3,16,63.5
"2033",2033,1,1,0,NA,1,12,NA
"2034",2034,1,1,1,63.5,1,12,63.5
"2035",2035,1,1,1,70.5,1,12,70.5
"2036",2036,0,1,1,69.2,1,12,69.2
"2037",2037,1,0,1,54.2,1,12,54.2
"2038",2038,0,1,1,63.5,0,11,63.5
"2039",2039,1,1,1,21.1,0,0,21.1
"2040",2040,1,0,0,33.1,1,13,33.1
"2041",2041,1,1,1,38.4,1,12,38.4
"2042",2042,1,1,1,38,1,10,38
"2043",2043,1,0,0,38.4,1,15,38.4
"2044",2044,0,0,0,73.8,3,16,73.8
"2045",2045,1,0,1,52.3,1,16,52.3
"2046",2046,1,0,1,87.9,1,14,87.9
"2047",2047,1,1,1,73.8,4,20,73.8
"2048",2048,1,1,1,63.2,3,17,63.2
"2049",2049,1,0,1,88.2,3,16,88.2
"2050",2050,1,1,1,29,1,12,29
"2051",2051,1,1,1,78.5,4,20,78.5
"2052",2052,1,1,1,68.1,4,20,68.1
"2053",2053,1,0,1,39.4,2,15,39.4
"2054",2054,1,1,1,53.7,0,11,53.7
"2055",2055,1,0,1,53.7,1,13,53.7
"2056",2056,1,1,0,37.7,1,13,37.7
"2057",2057,1,0,0,63.5,3,17,63.5
"2058",2058,1,0,1,38.9,1,15,38.9
"2059",2059,1,0,0,42.5,1,12,42.5
"2060",2060,1,1,1,29.3,1,12,29.3
"2061",2061,1,1,1,52.5,1,10,52.5
"2062",2062,1,1,1,29.3,1,13,29.3
"2063",2063,1,0,0,59,1,13,59
"2064",2064,1,1,1,30.7,1,12,30.7
"2065",2065,1,0,1,72.5,1,13,72.5
"2066",2066,1,0,1,48.6,1,14,48.6
"2067",2067,1,0,1,50.7,1,12,50.7
"2068",2068,1,1,1,63.5,1,12,63.5
"2069",2069,1,0,1,63.5,1,12,63.5
"2070",2070,1,1,1,38.1,1,15,38.1
"2071",2071,1,0,1,59.9,3,16,59.9
"2072",2072,1,1,1,76.4,1,13,76.4
"2073",2073,1,1,1,37.7,2,14,37.7
"2074",2074,1,1,1,53.5,3,18,53.5
"2075",2075,0,1,1,68.1,1,14,68.1
"2076",2076,1,1,1,68.1,1,17,68.1
"2077",2077,1,1,1,69.7,4,18,69.7
"2078",2078,1,1,1,78.5,3,16,78.5
"2079",2079,1,0,0,31.5,1,12,31.5
"2080",2080,1,1,0,38,0,8,38
"2081",2081,1,0,1,27.5,1,14,27.5
"2082",2082,1,1,0,38,0,12,38
"2083",2083,1,1,1,22.5,1,10,22.5
"2084",2084,1,0,1,82.7,4,18,82.7
"2085",2085,1,1,1,33.3,1,13,33.3
"2086",2086,1,1,1,78.5,4,20,78.5
"2087",2087,1,1,1,46.8,1,14,46.8
"2088",2088,1,0,0,64.2,3,16,64.2
"2089",2089,1,1,1,67,4,19,67
"2090",2090,1,1,1,53.3,1,13,53.3
"2091",2091,1,0,1,63.5,3,18,63.5
"2092",2092,1,1,0,84,3,16,84
"2093",2093,1,1,1,82.7,4,18,82.7
"2094",2094,1,0,0,76.3,1,12,76.3
"2095",2095,1,0,0,93.3,4,19,93.3
"2096",2096,1,1,0,73.3,3,16,73.3
"2097",2097,1,0,1,86.6,4,18,86.6
"2098",2098,1,1,1,92.3,3,20,92.3
"2099",2099,0,0,1,28.6,1,11,28.6
"2100",2100,1,1,0,53.7,1,12,53.7
"2101",2101,1,1,1,59.9,2,14,59.9
"2102",2102,1,0,1,29.8,1,13,29.8
"2103",2103,1,1,1,26.4,1,13,26.4
"2104",2104,1,1,1,32.4,2,17,32.4
"2105",2105,1,0,1,61.9,1,12,61.9
"2106",2106,1,1,1,80.3,3,16,80.3
"2107",2107,0,0,0,39,2,15,39
"2108",2108,1,0,1,50.7,0,7,50.7
"2109",2109,1,0,0,32.3,1,12,32.3
"2110",2110,1,0,1,80.9,4,20,80.9
"2111",2111,1,0,1,44.7,1,12,44.7
"2112",2112,1,0,0,27.5,1,14,27.5
"2113",2113,1,0,0,63.5,4,20,63.5
"2114",2114,1,0,1,34.3,3,16,34.3
"2115",2115,1,0,1,62.5,4,18,62.5
"2116",2116,1,1,1,27.3,0,8,27.3
"2117",2117,1,1,1,26.7,1,12,26.7
"2118",2118,1,1,0,26.4,1,13,26.4
"2119",2119,1,1,1,63.5,1,13,63.5
"2120",2120,1,0,1,64.1,1,12,64.1
"2121",2121,1,1,1,86.9,2,18,86.9
"2122",2122,1,0,1,47,2,14,47
"2123",2123,0,0,0,53.7,2,14,53.7
"2124",2124,1,0,0,63.5,1,12,63.5
"2125",2125,1,0,1,62.5,2,14,62.5
"2126",2126,1,1,1,58.1,3,18,58.1
"2127",2127,1,1,1,38,1,14,38
"2128",2128,1,0,1,63.5,3,16,63.5
"2129",2129,1,0,1,76.3,3,16,76.3
"2130",2130,1,0,1,73.8,1,13,73.8
"2131",2131,1,0,1,74.9,1,15,74.9
"2132",2132,0,0,0,62.2,1,12,62.2
"2133",2133,1,0,1,32.8,1,12,32.8
"2134",2134,1,1,1,63.5,1,13,63.5
"2135",2135,1,1,1,38.9,1,12,38.9
"2136",2136,1,1,1,38.4,1,12,38.4
"2137",2137,1,0,1,97.2,1,15,97.2
"2138",2138,1,0,1,62.1,1,14,62.1
"2139",2139,1,1,1,63.5,1,12,63.5
"2140",2140,1,0,1,43.4,3,16,43.4
"2141",2141,1,0,1,50.7,1,13,50.7
"2142",2142,1,0,1,37.3,1,14,37.3
"2143",2143,1,1,0,36.5,1,14,36.5
"2144",2144,1,1,1,50.5,1,10,50.5
"2145",2145,1,0,0,56.5,1,12,56.5
"2146",2146,1,0,1,31.5,1,12,31.5
"2147",2147,1,1,1,43.7,1,13,43.7
"2148",2148,1,0,1,52.5,1,13,52.5
"2149",2149,1,1,1,63.5,1,13,63.5
"2150",2150,1,0,1,28.6,1,11,28.6
"2151",2151,1,1,1,38.4,1,12,38.4
"2152",2152,1,1,1,38,3,18,38
"2153",2153,1,1,1,78.5,4,19,78.5
"2154",2154,0,1,1,39,0,8,39
"2155",2155,0,1,1,80.3,1,12,80.3
"2156",2156,1,0,0,35.4,1,12,35.4
"2157",2157,1,1,1,50.7,0,10,50.7
"2158",2158,1,1,1,26.7,1,13,26.7
"2159",2159,1,1,0,NA,0,12,NA
"2160",2160,1,0,1,29.2,1,15,29.2
"2161",2161,1,0,1,24.8,1,12,24.8
"2162",2162,1,1,0,33.1,1,12,33.1
"2163",2163,1,0,0,21.2,1,12,21.2
"2164",2164,1,1,0,97.2,4,20,97.2
"2165",2165,1,0,0,72.5,1,14,72.5
"2166",2166,1,1,0,38.4,1,12,38.4
"2167",2167,1,0,0,29.4,1,13,29.4
"2168",2168,1,1,1,36.5,2,15,36.5
"2169",2169,1,0,1,31.4,1,12,31.4
"2170",2170,1,1,0,38.9,1,12,38.9
"2171",2171,1,0,1,48.5,1,11,48.5
"2172",2172,1,0,1,50.7,3,16,50.7
"2173",2173,1,0,0,67,1,13,67
"2174",2174,1,0,1,29.5,2,14,29.5
"2175",2175,1,1,0,29.3,1,14,29.3
"2176",2176,1,0,1,31.4,0,9,31.4
"2177",2177,1,1,1,26.7,1,12,26.7
"2178",2178,1,0,1,31.5,1,13,31.5
"2179",2179,1,0,0,38.1,0,12,38.1
"2180",2180,1,1,0,25.3,1,12,25.3
"2181",2181,0,1,0,78.5,2,15,78.5
"2182",2182,1,0,1,53.7,1,13,53.7
"2183",2183,1,1,0,29.3,1,17,29.3
"2184",2184,1,0,0,29.2,1,12,29.2
"2185",2185,1,1,1,33.1,0,11,33.1
"2186",2186,1,1,1,27.7,1,12,27.7
"2187",2187,1,1,1,29.3,1,14,29.3
"2188",2188,1,1,0,33.1,1,16,33.1
"2189",2189,1,0,1,33.1,2,14,33.1
"2190",2190,1,0,1,86.6,4,18,86.6
"2191",2191,1,0,1,87.9,2,14,87.9
"2192",2192,1,0,1,86.6,4,20,86.6
"2193",2193,1,1,0,73.2,3,16,73.2
"2194",2194,1,0,0,93.3,4,18,93.3
"2195",2195,1,0,0,27.5,1,12,27.5
"2196",2196,1,1,1,29.3,1,15,29.3
"2197",2197,1,0,1,83.7,4,18,83.7
"2198",2198,1,1,1,76.4,1,12,76.4
"2199",2199,1,1,1,38.4,1,12,38.4
"2200",2200,1,1,0,82.7,3,17,82.7
"2201",2201,1,1,0,61.9,4,18,61.9
"2202",2202,1,0,0,33.1,3,20,33.1
"2203",2203,1,1,0,59.3,1,12,59.3
"2204",2204,1,1,1,68.8,1,13,68.8
"2205",2205,1,1,0,50.7,1,14,50.7
"2206",2206,1,0,1,63.5,3,17,63.5
"2207",2207,0,0,1,31.3,0,8,31.3
"2208",2208,1,0,0,27.5,1,12,27.5
"2209",2209,1,0,1,63.2,1,15,63.2
"2210",2210,1,0,1,28.6,0,10,28.6
"2211",2211,1,0,1,80.3,4,18,80.3
"2212",2212,0,0,1,34.2,1,12,34.2
"2213",2213,1,1,1,73.6,1,12,73.6
"2214",2214,1,0,1,60.5,1,15,60.5
"2215",2215,1,1,1,25.2,0,9,25.2
"2216",2216,1,0,1,38.2,0,8,38.2
"2217",2217,1,1,1,63.2,1,13,63.2
"2218",2218,0,1,0,34.6,0,11,34.6
"2219",2219,1,1,0,32.4,3,16,32.4
"2220",2220,1,0,1,46.8,1,15,46.8
"2221",2221,0,0,1,32.3,1,12,32.3
"2222",2222,1,1,1,80.3,3,16,80.3
"2223",2223,1,0,1,38.1,1,12,38.1
"2224",2224,1,1,1,60.6,3,16,60.6
"2225",2225,1,0,1,37.3,2,14,37.3
"2226",2226,1,1,0,62.5,3,16,62.5
"2227",2227,1,1,1,50.7,1,15,50.7
"2228",2228,1,1,1,63.5,0,10,63.5
"2229",2229,1,1,1,NA,1,12,NA
"2230",2230,1,0,1,37.3,1,12,37.3
"2231",2231,1,0,1,58.8,1,14,58.8
"2232",2232,1,0,1,39,2,14,39
"2233",2233,1,1,1,29.3,1,12,29.3
"2234",2234,1,1,1,36.5,1,13,36.5
"2235",2235,1,1,0,28.4,1,12,28.4
"2236",2236,1,0,0,25.5,1,13,25.5
"2237",2237,1,1,0,47,2,15,47
"2238",2238,1,1,1,38.4,1,13,38.4
"2239",2239,1,0,0,22.7,1,12,22.7
"2240",2240,1,1,1,38.4,1,12,38.4
"2241",2241,1,0,0,69.2,1,15,69.2
"2242",2242,1,1,1,78.5,1,15,78.5
"2243",2243,1,0,1,82.7,4,12,82.7
"2244",2244,1,0,0,28.4,0,11,28.4
"2245",2245,1,1,1,50.7,1,14,50.7
"2246",2246,1,0,1,36.5,1,13,36.5
"2247",2247,1,1,1,63.5,3,16,63.5
"2248",2248,1,0,1,37.3,1,11,37.3
"2249",2249,1,1,1,50.7,2,14,50.7
"2250",2250,1,0,1,85.1,4,18,85.1
"2251",2251,1,1,1,62.5,1,12,62.5
"2252",2252,1,1,1,38.4,1,13,38.4
"2253",2253,1,0,1,69.7,4,18,69.7
"2254",2254,0,0,0,35.4,3,16,35.4
"2255",2255,0,1,1,17.1,0,8,17.1
"2256",2256,1,0,1,68.8,1,12,68.8
"2257",2257,1,1,1,17.1,0,11,17.1
"2258",2258,1,0,1,50.7,3,17,50.7
"2259",2259,1,0,0,34.3,1,12,34.3
"2260",2260,1,1,1,NA,0,9,NA
"2261",2261,1,0,1,34.2,1,12,34.2
"2262",2262,1,0,0,26.7,1,12,26.7
"2263",2263,1,0,0,32,1,12,32
"2264",2264,1,1,1,63.5,1,12,63.5
"2265",2265,1,1,1,38.9,1,12,38.9
"2266",2266,1,0,1,49.9,1,12,49.9
"2267",2267,1,1,1,78.5,4,20,78.5
"2268",2268,1,0,1,26.7,4,18,26.7
"2269",2269,1,0,1,32.3,0,10,32.3
"2270",2270,1,1,1,71.6,3,16,71.6
"2271",2271,1,0,1,80.3,4,20,80.3
"2272",2272,1,0,1,28.6,0,9,28.6
"2273",2273,1,1,1,50.7,1,12,50.7
"2274",2274,1,1,1,18.5,1,12,18.5
"2275",2275,1,1,1,33.1,0,11,33.1
"2276",2276,1,1,1,29.2,1,10,29.2
"2277",2277,1,1,1,34.6,1,12,34.6
"2278",2278,0,1,1,32.3,1,12,32.3
"2279",2279,0,1,1,22.6,0,8,22.6
"2280",2280,1,0,1,38.2,0,11,38.2
"2281",2281,1,1,1,35.1,1,12,35.1
"2282",2282,1,1,1,36.5,1,12,36.5
"2283",2283,1,1,1,38,1,12,38
"2284",2284,1,1,1,38.9,2,15,38.9
"2285",2285,1,0,0,30.1,1,11,30.1
"2286",2286,1,0,1,62.1,2,14,62.1
"2287",2287,1,1,1,38.4,1,12,38.4
"2288",2288,1,0,0,50.7,1,12,50.7
"2289",2289,1,1,1,80.3,4,16,80.3
"2290",2290,1,0,0,29.6,2,14,29.6
"2291",2291,1,1,1,52.4,1,12,52.4
"2292",2292,1,0,1,38.4,0,11,38.4
"2293",2293,1,1,1,50.7,1,15,50.7
"2294",2294,1,0,0,30.1,1,12,30.1
"2295",2295,1,0,1,29.8,1,14,29.8
"2296",2296,1,1,1,38.4,1,12,38.4
"2297",2297,0,1,1,26.5,0,5,26.5
"2298",2298,1,1,1,26.4,1,12,26.4
"2299",2299,1,0,1,45.8,1,13,45.8
"2300",2300,1,0,1,31.5,1,9,31.5
"2301",2301,1,0,1,66.1,2,14,66.1
"2302",2302,1,1,1,26.4,0,10,26.4
"2303",2303,1,1,1,73.7,2,14,73.7
"2304",2304,1,0,1,29.2,0,6,29.2
"2305",2305,1,1,1,69.7,1,14,69.7
"2306",2306,1,1,1,51.8,1,12,51.8
"2307",2307,1,1,1,63.5,1,12,63.5
"2308",2308,1,1,1,NA,1,13,NA
"2309",2309,1,1,1,38.4,1,12,38.4
"2310",2310,1,0,1,36.5,1,13,36.5
"2311",2311,1,0,1,36.5,1,12,36.5
"2312",2312,1,0,1,37.3,1,14,37.3
"2313",2313,1,1,1,48.6,1,14,48.6
"2314",2314,1,0,1,45.8,1,14,45.8
"2315",2315,1,0,1,73.9,1,12,73.9
"2316",2316,1,1,1,32.4,2,14,32.4
"2317",2317,0,1,1,28.2,1,13,28.2
"2318",2318,1,1,1,67,2,14,67
"2319",2319,1,1,1,69.2,1,14,69.2
"2320",2320,0,1,1,33.1,1,12,33.1
"2321",2321,1,0,1,35.1,1,12,35.1
"2322",2322,1,0,1,80.3,4,17,80.3
"2323",2323,1,0,1,31.5,0,8,31.5
"2324",2324,1,1,1,26.7,1,12,26.7
"2325",2325,1,1,1,38.4,1,12,38.4
"2326",2326,1,1,1,36.5,1,12,36.5
"2327",2327,1,1,1,82.7,3,16,82.7
"2328",2328,0,1,0,26.7,1,13,26.7
"2329",2329,1,1,1,NA,0,10,NA
"2330",2330,0,0,1,34.2,1,12,34.2
"2331",2331,1,0,0,29.2,1,12,29.2
"2332",2332,1,0,1,38.2,1,13,38.2
"2333",2333,1,1,1,32,1,12,32
"2334",2334,0,1,1,25.2,0,8,25.2
"2335",2335,1,0,1,31.1,0,8,31.1
"2336",2336,1,0,0,29.3,1,12,29.3
"2337",2337,1,0,0,50.7,1,13,50.7
"2338",2338,1,1,1,17.1,1,12,17.1
"2339",2339,1,0,1,31.5,1,12,31.5
"2340",2340,1,0,1,31.5,0,8,31.5
"2341",2341,1,1,1,78.5,4,19,78.5
"2342",2342,1,1,1,62.5,1,12,62.5
"2343",2343,1,0,0,NA,1,17,NA
"2344",2344,1,0,0,88.9,3,16,88.9
"2345",2345,1,0,0,76.4,4,18,76.4
"2346",2346,1,0,1,48.9,3,16,48.9
"2347",2347,1,1,1,76.4,3,16,76.4
"2348",2348,1,1,1,85.5,4,20,85.5
"2349",2349,1,1,1,84.2,4,19,84.2
"2350",2350,1,1,0,33.1,1,12,33.1
"2351",2351,1,0,1,61.9,3,17,61.9
"2352",2352,1,1,1,36.5,2,14,36.5
"2353",2353,0,0,1,44.3,4,19,44.3
"2354",2354,1,1,1,33.3,1,12,33.3
"2355",2355,1,1,1,21.2,1,12,21.2
"2356",2356,1,1,0,75.2,3,16,75.2
"2357",2357,1,1,0,NA,2,15,NA
"2358",2358,1,0,0,66.1,2,17,66.1
"2359",2359,1,0,1,28.4,1,13,28.4
"2360",2360,1,1,1,33.1,1,14,33.1
"2361",2361,1,1,0,63.5,1,16,63.5
"2362",2362,1,0,0,34.3,1,16,34.3
"2363",2363,1,1,1,33.1,1,14,33.1
"2364",2364,1,1,0,26.7,1,14,26.7
"2365",2365,1,0,1,25.8,0,10,25.8
"2366",2366,1,1,1,42.9,1,12,42.9
"2367",2367,1,1,1,29,0,8,29
"2368",2368,1,0,1,31.3,1,14,31.3
"2369",2369,1,0,1,40,0,10,40
"2370",2370,1,1,0,21.1,1,12,21.1
"2371",2371,1,1,1,36.5,1,14,36.5
"2372",2372,1,0,1,37.3,1,12,37.3
"2373",2373,1,1,0,22.7,1,13,22.7
"2374",2374,1,1,1,63.5,1,12,63.5
"2375",2375,0,1,0,78.5,4,18,78.5
"2376",2376,1,1,1,58.3,1,12,58.3
"2377",2377,1,1,1,38.4,1,13,38.4
"2378",2378,1,1,1,32.4,1,12,32.4
"2379",2379,1,1,1,33.1,0,10,33.1
"2380",2380,1,0,1,26.7,1,12,26.7
"2381",2381,1,1,1,17.1,1,12,17.1
"2382",2382,1,1,1,63.2,2,16,63.2
"2383",2383,1,1,1,26.7,1,12,26.7
"2384",2384,1,0,0,26.7,1,12,26.7
"2385",2385,1,1,1,63.5,0,12,63.5
"2386",2386,1,0,1,63.5,3,19,63.5
"2387",2387,1,1,1,32.4,0,10,32.4
"2388",2388,1,0,1,28.4,0,11,28.4
"2389",2389,0,1,1,78.5,3,16,78.5
"2390",2390,1,1,1,78.5,3,16,78.5
"2391",2391,1,0,1,37.3,1,12,37.3
"2392",2392,1,1,1,73.2,1,15,73.2
"2393",2393,1,0,1,63.5,1,12,63.5
"2394",2394,1,1,1,29.3,1,12,29.3
"2395",2395,1,1,0,26.7,1,12,26.7
"2396",2396,1,1,1,69.7,1,14,69.7
"2397",2397,1,0,1,32.3,1,12,32.3
"2398",2398,1,0,1,37.3,1,15,37.3
"2399",2399,1,0,1,30.8,1,13,30.8
"2400",2400,1,0,1,33.1,1,12,33.1
"2401",2401,1,0,1,22.7,1,12,22.7
"2402",2402,1,0,1,35.1,1,12,35.1
"2403",2403,1,0,1,27.7,1,12,27.7
"2404",2404,1,1,1,26.4,1,9,26.4
"2405",2405,1,0,0,46.7,1,12,46.7
"2406",2406,1,1,1,NA,0,20,NA
"2407",2407,1,1,1,78.5,3,18,78.5
"2408",2408,1,0,1,35.7,1,12,35.7
"2409",2409,1,0,1,53.3,1,14,53.3
"2410",2410,0,0,1,42.1,3,16,42.1
"2411",2411,1,1,1,29.3,1,12,29.3
"2412",2412,1,0,1,48.5,1,12,48.5
"2413",2413,1,1,1,26.4,2,13,26.4
"2414",2414,1,0,1,73.9,3,18,73.9
"2415",2415,1,1,1,27.2,1,15,27.2
"2416",2416,1,1,1,38.4,0,8,38.4
"2417",2417,1,1,1,29.2,1,12,29.2
"2418",2418,1,0,1,63.5,3,16,63.5
"2419",2419,1,0,1,44.7,1,13,44.7
"2420",2420,1,0,1,29.2,1,12,29.2
"2421",2421,0,1,1,29.3,1,12,29.3
"2422",2422,1,1,1,68.1,1,13,68.1
"2423",2423,0,0,1,48.5,0,11,48.5
"2424",2424,1,0,1,37.3,0,8,37.3
"2425",2425,1,1,1,21.2,0,6,21.2
"2426",2426,1,0,1,31.1,1,12,31.1
"2427",2427,1,0,1,43.2,2,14,43.2
"2428",2428,1,1,1,33.1,1,12,33.1
"2429",2429,1,0,1,37.3,1,13,37.3
"2430",2430,1,0,1,96,4,20,96
"2431",2431,1,1,1,77.8,3,16,77.8
"2432",2432,1,1,1,30.8,1,12,30.8
"2433",2433,1,1,0,69.7,3,16,69.7
"2434",2434,1,0,0,33.1,1,15,33.1
"2435",2435,1,1,1,35.4,3,16,35.4
"2436",2436,1,0,1,64.1,1,15,64.1
"2437",2437,1,0,0,69.7,3,17,69.7
"2438",2438,1,1,1,80.3,3,16,80.3
"2439",2439,1,0,0,59.3,1,13,59.3
"2440",2440,1,0,1,80.3,3,16,80.3
"2441",2441,1,0,1,80,3,17,80
"2442",2442,1,1,1,33.1,3,16,33.1
"2443",2443,1,1,1,33.1,1,12,33.1
"2444",2444,1,0,1,97.2,4,20,97.2
"2445",2445,1,1,1,73.2,3,16,73.2
"2446",2446,1,1,1,69.7,3,16,69.7
"2447",2447,1,0,1,69.7,3,17,69.7
"2448",2448,1,0,1,36.5,1,12,36.5
"2449",2449,0,0,1,28.2,1,12,28.2
"2450",2450,0,0,1,22.9,0,11,22.9
"2451",2451,1,1,1,73.2,2,14,73.2
"2452",2452,1,0,1,38.1,1,13,38.1
"2453",2453,1,1,1,33.1,1,12,33.1
"2454",2454,1,1,1,62,1,15,62
"2455",2455,1,0,1,26.7,1,12,26.7
"2456",2456,1,0,1,31.5,1,14,31.5
"2457",2457,1,0,1,63.5,3,16,63.5
"2458",2458,1,1,1,29.3,2,14,29.3
"2459",2459,1,0,1,26.7,1,12,26.7
"2460",2460,1,1,0,29.2,1,12,29.2
"2461",2461,1,1,1,29,1,12,29
"2462",2462,1,0,1,42.2,2,14,42.2
"2463",2463,1,0,0,48.5,1,14,48.5
"2464",2464,0,1,1,NA,0,10,NA
"2465",2465,1,1,1,33.1,0,10,33.1
"2466",2466,0,1,1,26.7,1,12,26.7
"2467",2467,1,0,1,29.5,1,12,29.5
"2468",2468,1,1,1,63.5,2,14,63.5
"2469",2469,1,0,1,32.1,1,12,32.1
"2470",2470,1,0,1,66.1,2,13,66.1
"2471",2471,1,0,0,50.7,1,15,50.7
"2472",2472,1,0,1,29.2,1,15,29.2
"2473",2473,1,1,1,27.5,1,12,27.5
"2474",2474,0,0,1,26.7,1,12,26.7
"2475",2475,1,0,1,38.9,1,12,38.9
"2476",2476,1,1,1,18.5,2,14,18.5
"2477",2477,0,1,1,33.1,1,12,33.1
"2478",2478,1,0,1,35.1,0,8,35.1
"2479",2479,1,1,1,26.4,2,14,26.4
"2480",2480,1,1,1,38.9,1,12,38.9
"2481",2481,1,1,1,38.4,1,14,38.4
"2482",2482,1,0,1,29.3,0,9,29.3
"2483",2483,1,0,1,63.2,1,13,63.2
"2484",2484,1,0,0,45.9,3,17,45.9
"2485",2485,1,1,0,26.7,1,12,26.7
"2486",2486,1,0,1,73.2,2,15,73.2
"2487",2487,1,0,1,48.5,0,11,48.5
"2488",2488,1,1,1,46.1,1,12,46.1
"2489",2489,0,1,1,29,0,7,29
"2490",2490,1,1,0,34.6,0,5,34.6
"2491",2491,1,0,1,76.4,1,12,76.4
"2492",2492,1,0,1,43.3,1,12,43.3
"2493",2493,1,1,1,38.4,1,12,38.4
"2494",2494,1,1,1,29.2,0,10,29.2
"2495",2495,1,1,1,50.7,1,12,50.7
"2496",2496,1,1,1,17.1,1,12,17.1
"2497",2497,1,0,1,78,1,12,78
"2498",2498,1,1,1,26.4,1,12,26.4
"2499",2499,1,1,1,32,1,12,32
"2500",2500,1,1,1,80.3,3,16,80.3
"2501",2501,1,0,1,24.2,1,13,24.2
"2502",2502,1,1,1,38,3,16,38
"2503",2503,1,0,1,49.6,0,9,49.6
"2504",2504,0,1,1,22.5,0,11,22.5
"2505",2505,1,1,1,25.4,0,3,25.4
"2506",2506,1,1,0,NA,0,5,NA
"2507",2507,1,1,1,29.4,1,12,29.4
"2508",2508,1,0,1,53.9,0,8,53.9
"2509",2509,1,1,0,29.2,0,9,29.2
"2510",2510,1,1,1,22.9,0,10,22.9
"2511",2511,1,1,1,17.1,1,14,17.1
"2512",2512,1,1,0,38.9,1,12,38.9
"2513",2513,1,0,1,24.2,0,11,24.2
"2514",2514,1,1,1,NA,1,12,NA
"2515",2515,1,0,1,73.3,4,18,73.3
"2516",2516,1,1,1,38,1,12,38
"2517",2517,1,1,1,35.4,1,12,35.4
"2518",2518,1,1,1,NA,1,12,NA
"2519",2519,1,0,1,32.7,1,12,32.7
"2520",2520,1,1,1,38,1,10,38
"2521",2521,1,0,1,32.3,1,12,32.3
"2522",2522,1,1,1,36.5,1,12,36.5
"2523",2523,1,0,1,38.2,1,11,38.2
"2524",2524,0,1,1,38,0,8,38
"2525",2525,1,1,1,33.1,0,10,33.1
"2526",2526,1,1,1,63.2,1,14,63.2
"2527",2527,1,1,1,26.5,1,12,26.5
"2528",2528,1,0,1,71.5,1,12,71.5
"2529",2529,1,0,1,63.5,1,12,63.5
"2530",2530,1,1,1,22.6,0,11,22.6
"2531",2531,1,0,1,33.1,0,11,33.1
"2532",2532,1,0,1,33.9,1,12,33.9
"2533",2533,1,1,1,50.7,1,12,50.7
"2534",2534,1,0,1,80.3,4,17,80.3
"2535",2535,1,1,1,58.3,1,11,58.3
"2536",2536,1,1,0,32.4,1,13,32.4
"2537",2537,1,0,1,NA,1,12,NA
"2538",2538,1,1,1,17.6,0,4,17.6
"2539",2539,1,1,1,78.5,4,17,78.5
"2540",2540,1,1,1,73.2,3,18,73.2
"2541",2541,1,1,1,73.2,1,16,73.2
"2542",2542,1,1,0,69.7,1,12,69.7
"2543",2543,1,0,0,22.6,1,14,22.6
"2544",2544,1,1,1,33.1,1,12,33.1
"2545",2545,1,1,1,60.6,1,14,60.6
"2546",2546,1,0,1,24.2,0,10,24.2
"2547",2547,1,0,1,28.6,1,12,28.6
"2548",2548,0,1,1,33.1,0,10,33.1
"2549",2549,1,0,0,36.5,1,11,36.5
"2550",2550,1,0,1,50.7,1,14,50.7
"2551",2551,0,0,1,32.3,0,10,32.3
"2552",2552,1,1,1,NA,1,12,NA
"2553",2553,1,1,1,17.1,1,9,17.1
"2554",2554,1,1,1,43.7,1,12,43.7
"2555",2555,1,1,1,27.5,0,7,27.5
"2556",2556,1,0,1,32.3,0,8,32.3
"2557",2557,1,1,1,78.5,3,18,78.5
"2558",2558,1,0,1,34.3,1,12,34.3
"2559",2559,1,0,1,18.5,0,11,18.5
"2560",2560,1,1,1,33.1,1,10,33.1
"2561",2561,1,0,1,37.3,0,8,37.3
"2562",2562,1,1,1,NA,0,8,NA
"2563",2563,1,1,1,63.5,1,12,63.5
"2564",2564,1,1,1,NA,0,8,NA
"2565",2565,0,0,1,24.2,0,3,24.2
"2566",2566,1,1,1,29.3,0,3,29.3
"2567",2567,1,1,1,17.1,1,12,17.1
"2568",2568,0,1,1,17.1,0,5,17.1
"2569",2569,0,0,1,37.3,0,7,37.3
"2570",2570,1,0,1,36.5,0,10,36.5
"2571",2571,1,1,0,33.6,1,12,33.6
"2572",2572,0,0,1,34.2,0,8,34.2
"2573",2573,1,1,0,NA,1,13,NA
"2574",2574,1,1,0,27.5,1,12,27.5
"2575",2575,1,1,0,27.5,NA,10,27.5
"2576",2576,1,1,1,NA,NA,NA,NA
"2577",2577,1,1,1,17.1,3,16,17.1
"2578",2578,1,0,1,29,1,12,29
"2579",2579,0,1,1,NA,1,11,NA
"2580",2580,1,1,1,NA,2,14,NA
"2581",2581,1,1,1,NA,0,8,NA
"2582",2582,1,1,1,17.1,1,12,17.1
"2583",2583,1,1,1,NA,1,10,NA
"2584",2584,1,1,1,33.1,1,13,33.1
"2585",2585,1,0,1,34.2,1,12,34.2
"2586",2586,1,0,1,63.5,1,16,63.5
"2587",2587,1,1,1,51.9,1,13,51.9
"2588",2588,1,1,1,26.5,0,5,26.5
"2589",2589,1,1,0,17.1,1,12,17.1
"2590",2590,1,1,0,26.5,0,11,26.5
"2591",2591,1,1,1,46.7,1,12,46.7
"2592",2592,1,1,1,NA,0,9,NA
"2593",2593,1,0,0,44.7,2,14,44.7
"2594",2594,1,1,0,NA,0,11,NA
"2595",2595,1,1,1,33.1,1,12,33.1
"2596",2596,1,1,1,29.3,1,13,29.3
"2597",2597,1,0,1,36.5,2,14,36.5
"2598",2598,0,1,1,26.4,1,12,26.4
"2599",2599,1,1,1,38.4,3,19,38.4
"2600",2600,1,1,1,27.5,0,12,27.5
"2601",2601,0,1,0,38,1,12,38
"2602",2602,0,1,1,53.3,1,13,53.3
"2603",2603,1,0,1,53.4,0,14,53.4
"2604",2604,1,0,1,29.2,1,13,29.2
"2605",2605,1,0,1,63.5,3,16,63.5
"2606",2606,1,1,1,38.4,1,13,38.4
"2607",2607,1,0,1,80,2,16,80
"2608",2608,1,0,1,53.7,3,16,53.7
"2609",2609,1,1,1,38.4,1,12,38.4
"2610",2610,1,1,1,78.5,3,17,78.5
"2611",2611,1,1,1,63.2,1,12,63.2
"2612",2612,1,0,1,31.3,1,12,31.3
"2613",2613,0,1,1,48.5,1,12,48.5
"2614",2614,0,1,0,33.1,1,14,33.1
"2615",2615,1,0,1,38.4,1,12,38.4
"2616",2616,1,0,1,32.3,0,9,32.3
"2617",2617,1,1,1,73.6,1,12,73.6
"2618",2618,1,1,1,30.8,1,12,30.8
"2619",2619,1,1,1,33.6,1,12,33.6
"2620",2620,0,1,1,26.4,1,12,26.4
"2621",2621,1,0,1,28.4,0,9,28.4
"2622",2622,1,1,1,NA,0,10,NA
"2623",2623,1,1,1,22.5,0,3,22.5
"2624",2624,1,1,1,22.5,1,11,22.5
"2625",2625,1,0,1,78.5,3,16,78.5
"2626",2626,1,1,0,33.9,1,13,33.9
"2627",2627,1,0,1,26.6,1,12,26.6
"2628",2628,1,1,1,33.1,1,12,33.1
"2629",2629,1,0,0,26.5,1,12,26.5
"2630",2630,1,0,1,31.5,0,7,31.5
"2631",2631,0,1,1,38.4,1,14,38.4
"2632",2632,1,1,1,50.7,0,7,50.7
"2633",2633,1,1,1,50.7,1,12,50.7
"2634",2634,1,1,1,29.4,0,11,29.4
"2635",2635,1,0,1,54.7,3,16,54.7
"2636",2636,1,1,1,43.7,1,15,43.7
"2637",2637,1,1,0,21.2,1,12,21.2
"2638",2638,1,1,1,32,1,12,32
"2639",2639,1,0,0,48.5,2,14,48.5
"2640",2640,1,1,1,39.4,1,12,39.4
"2641",2641,1,1,0,26.7,1,12,26.7
"2642",2642,1,1,1,80.3,3,18,80.3
"2643",2643,1,1,1,29.3,1,12,29.3
"2644",2644,1,1,1,50.7,1,12,50.7
"2645",2645,1,1,1,50.7,1,12,50.7
"2646",2646,1,1,1,78.5,1,14,78.5
"2647",2647,1,0,1,36.5,3,16,36.5
"2648",2648,1,0,1,48.9,1,12,48.9
"2649",2649,1,1,1,29.4,1,12,29.4
"2650",2650,1,0,0,22.7,1,13,22.7
"2651",2651,1,0,1,66.1,0,8,66.1
"2652",2652,1,1,1,73.6,1,12,73.6
"2653",2653,1,0,1,28.2,0,4,28.2
"2654",2654,1,1,1,59.1,1,12,59.1
"2655",2655,1,0,1,36.5,1,9,36.5
"2656",2656,1,0,1,36.5,0,11,36.5
"2657",2657,1,1,1,29.4,0,8,29.4
"2658",2658,1,0,1,69.7,0,8,69.7
"2659",2659,1,1,1,NA,0,8,NA
"2660",2660,1,1,0,NA,1,12,NA
"2661",2661,1,1,1,37.3,0,3,37.3
"2662",2662,1,1,1,28.4,0,8,28.4
"2663",2663,1,1,0,39,1,12,39
"2664",2664,1,0,1,31.5,0,9,31.5
"2665",2665,1,1,1,33.1,1,14,33.1
"2666",2666,1,1,0,50.7,3,16,50.7
"2667",2667,1,1,1,38.4,1,12,38.4
"2668",2668,1,1,1,NA,0,10,NA
"2669",2669,1,0,1,63.5,0,7,63.5
"2670",2670,1,1,1,36.5,3,16,36.5
"2671",2671,1,1,1,35.4,1,15,35.4
"2672",2672,1,0,1,92.3,4,20,92.3
"2673",2673,1,1,1,78.5,4,17,78.5
"2674",2674,1,1,1,73.2,3,19,73.2
"2675",2675,1,0,0,63.5,3,16,63.5
"2676",2676,1,1,1,69.2,4,18,69.2
"2677",2677,1,0,1,NA,1,13,NA
"2678",2678,1,1,1,36.5,1,13,36.5
"2679",2679,1,1,1,28.4,1,12,28.4
"2680",2680,0,1,1,38,1,14,38
"2681",2681,1,1,1,NA,0,8,NA
"2682",2682,1,0,1,29.5,1,12,29.5
"2683",2683,1,0,1,37.3,1,12,37.3
"2684",2684,1,1,1,80.3,3,16,80.3
"2685",2685,1,0,0,35.1,1,12,35.1
"2686",2686,1,0,1,28.4,0,10,28.4
"2687",2687,1,0,1,59.9,1,14,59.9
"2688",2688,1,1,1,21.1,0,6,21.1
"2689",2689,1,0,1,26.5,0,3,26.5
"2690",2690,1,1,1,NA,0,10,NA
"2691",2691,0,0,1,36.7,0,11,36.7
"2692",2692,1,0,1,32.3,0,8,32.3
"2693",2693,1,0,0,30.2,1,13,30.2
"2694",2694,1,1,1,27.5,1,12,27.5
"2695",2695,0,0,1,39.5,0,10,39.5
"2696",2696,0,1,1,NA,0,8,NA
"2697",2697,1,1,1,28.4,0,9,28.4
"2698",2698,0,1,1,29.3,1,11,29.3
"2699",2699,1,1,1,26.7,0,14,26.7
"2700",2700,1,0,1,50.7,1,15,50.7
"2701",2701,1,0,1,62.1,1,12,62.1
"2702",2702,1,0,1,48.9,0,11,48.9
"2703",2703,1,1,1,26.5,1,9,26.5
"2704",2704,1,1,1,29.2,1,13,29.2
"2705",2705,0,0,1,85.1,4,17,85.1
"2706",2706,1,1,1,25.8,1,12,25.8
"2707",2707,1,0,1,48.5,0,11,48.5
"2708",2708,1,1,1,21.2,0,11,21.2
"2709",2709,1,1,1,63.5,1,12,63.5
"2710",2710,1,1,1,57.1,2,14,57.1
"2711",2711,0,0,1,32.8,1,12,32.8
"2712",2712,1,1,1,38.9,1,12,38.9
"2713",2713,1,0,0,38.9,0,11,38.9
"2714",2714,1,1,1,64.4,2,14,64.4
"2715",2715,1,1,1,50.7,1,12,50.7
"2716",2716,0,0,1,85.1,4,18,85.1
"2717",2717,1,1,1,38.4,1,12,38.4
"2718",2718,1,1,1,27.2,0,11,27.2
"2719",2719,1,1,1,78.5,3,16,78.5
"2720",2720,1,0,1,49.6,1,12,49.6
"2721",2721,1,1,1,37.7,1,12,37.7
"2722",2722,1,0,1,31.3,0,8,31.3
"2723",2723,1,1,1,78.5,3,16,78.5
"2724",2724,1,1,1,26.4,1,12,26.4
"2725",2725,1,0,1,37.3,1,12,37.3
"2726",2726,0,0,1,26.7,1,11,26.7
"2727",2727,1,0,1,62,3,16,62
"2728",2728,0,0,1,37.7,0,10,37.7
"2729",2729,1,1,1,73.2,2,16,73.2
"2730",2730,1,1,0,50.7,1,12,50.7
"2731",2731,1,1,1,63.5,2,16,63.5
"2732",2732,1,0,1,31.4,0,8,31.4
"2733",2733,1,1,1,33.1,1,12,33.1
"2734",2734,1,0,1,31.4,0,10,31.4
"2735",2735,1,1,1,35.2,0,10,35.2
"2736",2736,1,1,1,29.3,0,10,29.3
"2737",2737,1,0,1,38.9,1,13,38.9
"2738",2738,1,0,1,31.5,1,14,31.5
"2739",2739,1,0,1,52.4,3,17,52.4
"2740",2740,1,1,1,38,1,12,38
"2741",2741,1,0,1,38.2,1,13,38.2
"2742",2742,1,1,0,27.7,1,12,27.7
"2743",2743,1,1,1,50.7,1,12,50.7
"2744",2744,1,0,0,29.2,1,13,29.2
"2745",2745,1,1,1,29.3,0,11,29.3
"2746",2746,0,1,1,32.4,1,12,32.4
"2747",2747,1,1,1,38.4,1,12,38.4
"2748",2748,1,1,1,32.4,0,9,32.4
"2749",2749,1,1,1,25.8,1,12,25.8
"2750",2750,1,0,1,50.7,1,11,50.7
"2751",2751,1,1,1,38.5,1,13,38.5
"2752",2752,1,0,1,26.5,1,12,26.5
"2753",2753,1,1,1,56.6,1,15,56.6
"2754",2754,1,1,1,30.7,1,12,30.7
"2755",2755,0,1,1,50.7,1,12,50.7
"2756",2756,1,1,1,80.3,3,18,80.3
"2757",2757,1,0,1,69.7,1,14,69.7
"2758",2758,1,0,1,31.5,1,12,31.5
"2759",2759,1,0,1,36.5,1,14,36.5
"2760",2760,1,1,1,78.5,1,12,78.5
"2761",2761,1,1,0,74.9,1,12,74.9
"2762",2762,1,1,0,NA,0,11,NA
"2763",2763,1,0,1,36.5,0,9,36.5
"2764",2764,1,1,1,NA,3,16,NA
"2765",2765,1,1,1,NA,3,16,NA
"2766",2766,1,1,1,38,1,13,38
"2767",2767,1,1,0,48.6,1,12,48.6
"2768",2768,0,1,1,27.7,1,12,27.7
"2769",2769,1,1,1,54.7,1,15,54.7
"2770",2770,1,1,1,63.2,3,17,63.2
"2771",2771,1,1,1,54.5,1,13,54.5
"2772",2772,1,1,1,26.4,1,12,26.4
"2773",2773,1,0,1,63.5,1,16,63.5
"2774",2774,1,0,1,83.7,3,16,83.7
"2775",2775,1,1,1,30.7,0,10,30.7
"2776",2776,1,0,0,84.7,3,16,84.7
"2777",2777,1,1,1,64.2,1,12,64.2
"2778",2778,1,1,1,26.4,1,13,26.4
"2779",2779,1,0,1,33.1,1,12,33.1
"2780",2780,1,1,0,29.4,0,11,29.4
"2781",2781,1,1,0,18.5,0,10,18.5
"2782",2782,1,0,1,28.4,1,12,28.4
"2783",2783,1,1,0,NA,1,12,NA
"2784",2784,1,1,1,25.3,0,12,25.3
"2785",2785,1,0,1,27.5,0,7,27.5
"2786",2786,1,0,1,26.9,1,12,26.9
"2787",2787,0,0,1,37.5,1,12,37.5
"2788",2788,1,1,1,17.1,1,13,17.1
"2789",2789,1,0,0,84.2,1,16,84.2
"2790",2790,1,1,1,36.9,3,16,36.9
"2791",2791,1,0,0,27.5,1,19,27.5
"2792",2792,1,1,0,38.4,1,12,38.4
"2793",2793,1,1,0,26.7,1,14,26.7
"2794",2794,1,1,0,32.4,1,12,32.4
"2795",2795,1,1,1,31.2,1,12,31.2
"2796",2796,1,0,0,60.5,1,15,60.5
"2797",2797,0,0,1,50.7,2,14,50.7
"2798",2798,1,1,1,73.2,3,16,73.2
"2799",2799,1,0,0,63.5,1,12,63.5
"2800",2800,1,1,0,35.2,1,12,35.2
"2801",2801,1,0,1,53.4,1,11,53.4
"2802",2802,1,0,0,42.3,1,13,42.3
"2803",2803,1,1,0,29.3,1,17,29.3
"2804",2804,1,1,1,74.4,3,16,74.4
"2805",2805,1,1,1,22.6,3,16,22.6
"2806",2806,1,1,0,22.6,0,11,22.6
"2807",2807,1,1,1,73.2,2,16,73.2
"2808",2808,1,0,1,38.2,1,12,38.2
"2809",2809,1,0,1,37.3,1,12,37.3
"2810",2810,1,1,0,NA,0,11,NA
"2811",2811,1,0,1,63.2,1,12,63.2
"2812",2812,1,1,0,36.9,1,14,36.9
"2813",2813,1,1,0,NA,0,11,NA
"2814",2814,1,1,1,72,3,16,72
"2815",2815,1,1,1,50.7,1,14,50.7
"2816",2816,1,1,1,37.3,1,13,37.3
"2817",2817,1,1,1,31.3,1,12,31.3
"2818",2818,1,1,1,38.9,1,13,38.9
"2819",2819,1,1,1,78.5,3,17,78.5
"2820",2820,1,1,0,33.3,1,15,33.3
"2821",2821,1,1,1,33.1,1,12,33.1
"2822",2822,1,1,1,69.2,3,16,69.2
"2823",2823,1,0,1,76.3,1,15,76.3
"2824",2824,1,0,0,38.2,2,17,38.2
"2825",2825,1,1,1,36.5,1,12,36.5
"2826",2826,1,1,0,80.3,4,17,80.3
"2827",2827,1,0,1,51,3,15,51
"2828",2828,1,0,1,83.7,3,16,83.7
"2829",2829,1,0,1,82.7,4,20,82.7
"2830",2830,1,1,1,63.5,1,17,63.5
"2831",2831,1,0,0,73.2,2,14,73.2
"2832",2832,1,0,1,43.3,1,14,43.3
"2833",2833,0,0,1,31.9,1,14,31.9
"2834",2834,1,0,1,64.2,3,16,64.2
"2835",2835,1,0,1,63.5,1,12,63.5
"2836",2836,1,1,1,40.2,1,12,40.2
"2837",2837,1,1,1,22.9,1,12,22.9
"2838",2838,1,0,1,47.8,1,14,47.8
"2839",2839,1,0,0,35.1,0,11,35.1
"2840",2840,1,0,0,38.4,1,12,38.4
"2841",2841,0,1,1,63.5,0,9,63.5
"2842",2842,1,1,1,38.7,0,12,38.7
"2843",2843,1,1,1,61.9,1,12,61.9
"2844",2844,0,0,1,86.5,1,14,86.5
"2845",2845,1,1,1,32.4,1,12,32.4
"2846",2846,1,0,1,52.3,1,12,52.3
"2847",2847,1,0,1,51,1,12,51
"2848",2848,1,1,1,28.4,1,15,28.4
"2849",2849,1,1,1,NA,1,12,NA
"2850",2850,1,1,1,38,1,12,38
"2851",2851,1,1,1,78.5,3,19,78.5
"2852",2852,1,0,1,37.3,0,8,37.3
"2853",2853,1,1,1,30.8,1,12,30.8
"2854",2854,1,1,1,38,1,12,38
"2855",2855,1,0,1,37.4,0,11,37.4
"2856",2856,1,1,1,29.3,0,8,29.3
"2857",2857,1,0,1,37.2,1,15,37.2
"2858",2858,1,0,1,42.4,0,8,42.4
"2859",2859,1,1,1,64.2,1,14,64.2
"2860",2860,1,0,1,25.8,0,9,25.8
"2861",2861,1,0,1,63.5,1,12,63.5
"2862",2862,1,0,0,56.5,1,15,56.5
"2863",2863,1,1,1,38.9,1,14,38.9
"2864",2864,1,1,1,33.3,3,16,33.3
"2865",2865,1,0,1,34.3,1,12,34.3
"2866",2866,1,1,1,30.8,1,13,30.8
"2867",2867,1,0,1,28.6,0,11,28.6
"2868",2868,1,1,1,37.7,1,12,37.7
"2869",2869,1,1,1,NA,1,12,NA
"2870",2870,1,1,0,73.2,2,17,73.2
"2871",2871,0,1,1,21.2,0,12,21.2
"2872",2872,1,1,1,80.3,2,15,80.3
"2873",2873,1,0,1,92.3,4,19,92.3
"2874",2874,1,1,1,29.3,1,13,29.3
"2875",2875,1,0,1,87.9,4,20,87.9
"2876",2876,1,1,0,62.5,4,18,62.5
"2877",2877,1,1,0,33.1,1,13,33.1
"2878",2878,1,0,1,39.7,0,10,39.7
"2879",2879,1,1,1,69.7,1,12,69.7
"2880",2880,1,1,1,49.9,1,12,49.9
"2881",2881,1,0,1,38.9,1,13,38.9
"2882",2882,1,0,0,39.4,2,14,39.4
"2883",2883,1,0,0,76.4,1,16,76.4
"2884",2884,1,0,1,48.5,1,12,48.5
"2885",2885,1,1,1,26.4,1,14,26.4
"2886",2886,1,0,0,42.2,3,16,42.2
"2887",2887,1,1,1,50.7,1,12,50.7
"2888",2888,1,0,1,54.5,1,13,54.5
"2889",2889,1,0,1,52.5,1,12,52.5
"2890",2890,1,1,1,62.2,3,16,62.2
"2891",2891,1,1,1,50.5,1,12,50.5
"2892",2892,1,1,1,33.1,1,12,33.1
"2893",2893,1,0,1,38.1,1,12,38.1
"2894",2894,1,1,1,74.4,1,14,74.4
"2895",2895,1,1,1,NA,1,13,NA
"2896",2896,1,0,1,28.4,1,12,28.4
"2897",2897,1,0,0,32.4,3,16,32.4
"2898",2898,1,0,0,28.6,2,14,28.6
"2899",2899,1,1,1,38.9,1,11,38.9
"2900",2900,1,0,0,38.1,0,11,38.1
"2901",2901,1,1,1,38.4,1,12,38.4
"2902",2902,1,0,1,28.4,1,12,28.4
"2903",2903,1,0,1,68.1,1,9,68.1
"2904",2904,1,1,1,32.4,1,12,32.4
