"","SSE","santementale","age"
"1",1,57,52
"2",2,68,59
"3",3,44,33
"4",3,63,44
"5",2,47,52
"6",2,44,52
"7",2,50,59
"8",2,34,46
"9",2,63,57
"10",2,57,55
"11",2,60,46
"12",2,57,65
"13",3,73,60
"14",3,54,63
"15",1,45,57
"16",1,42,49
"17",3,47,52
"18",2,57,57
"19",3,68,65
"20",2,55,39
"21",2,63,49
"22",2,63,63
"23",2,50,40
"24",3,60,52
"25",2,37,44
"26",2,34,37
"27",3,65,65
"28",2,47,57
"29",3,44,38
"30",1,52,44
"31",2,42,31
"32",3,76,52
"33",3,65,67
"34",2,42,41
"35",3,52,59
"36",3,60,65
"37",2,68,54
"38",3,65,62
"39",1,47,31
"40",2,39,31
"41",2,47,47
"42",2,55,59
"43",2,52,54
"44",1,42,41
"45",3,65,65
"46",1,55,59
"47",3,50,40
"48",2,65,59
"49",2,47,59
"50",2,57,54
"51",2,53,61
"52",3,39,33
"53",2,44,44
"54",2,63,59
"55",2,73,62
"56",3,39,39
"57",1,37,37
"58",2,42,39
"59",2,63,57
"60",2,48,49
"61",2,50,46
"62",3,47,62
"63",1,44,44
"64",2,34,33
"65",3,50,42
"66",2,44,41
"67",2,60,54
"68",1,47,39
"69",1,63,43
"70",2,50,33
"71",2,44,44
"72",3,60,54
"73",2,73,67
"74",2,68,59
"75",2,55,45
"76",1,47,40
"77",3,55,61
"78",3,68,59
"79",2,31,36
"80",3,47,41
"81",3,63,59
"82",1,36,49
"83",2,68,59
"84",1,63,65
"85",2,55,41
"86",3,55,62
"87",3,52,41
"88",3,34,49
"89",2,50,31
"90",3,55,49
"91",2,52,62
"92",1,63,49
"93",3,68,62
"94",1,39,44
"95",1,44,44
"96",1,50,62
"97",2,71,65
"98",3,63,65
"99",1,34,44
"100",3,63,63
"101",3,68,60
"102",3,47,59
"103",1,47,46
"104",3,63,52
"105",2,52,59
"106",2,55,54
"107",3,60,62
"108",1,35,35
"109",1,47,54
"110",3,71,65
"111",2,57,52
"112",1,44,50
"113",3,65,59
"114",1,68,65
"115",3,73,61
"116",2,36,44
"117",3,43,54
"118",3,73,67
"119",1,52,57
"120",1,41,47
"121",1,60,54
"122",2,50,52
"123",2,50,52
"124",2,47,46
"125",1,47,62
"126",3,55,57
"127",2,50,41
"128",2,39,53
"129",3,50,49
"130",1,34,35
"131",2,57,59
"132",1,57,65
"133",2,68,62
"134",2,42,54
"135",1,61,59
"136",3,76,63
"137",2,47,59
"138",2,46,52
"139",2,39,41
"140",2,52,49
"141",1,28,46
"142",3,42,54
"143",2,47,42
"144",2,47,57
"145",2,52,59
"146",3,47,52
"147",2,50,62
"148",2,44,52
"149",1,47,41
"150",1,45,55
"151",1,47,37
"152",3,65,54
"153",2,43,57
"154",2,47,54
"155",2,57,62
"156",2,68,59
"157",2,52,55
"158",2,42,57
"159",2,42,39
"160",3,66,67
"161",1,47,62
"162",2,57,50
"163",3,47,61
"164",1,57,62
"165",2,52,59
"166",1,44,44
"167",2,50,59
"168",1,39,54
"169",2,57,62
"170",1,57,60
"171",1,42,57
"172",2,47,46
"173",3,42,36
"174",3,60,59
"175",1,44,49
"176",1,63,60
"177",2,65,67
"178",2,39,54
"179",3,50,52
"180",1,52,65
"181",2,60,62
"182",2,44,49
"183",3,52,67
"184",2,55,65
"185",3,50,67
"186",1,65,65
"187",2,52,54
"188",2,47,44
"189",3,63,62
"190",1,50,46
"191",1,42,54
"192",3,36,57
"193",2,50,52
"194",3,41,59
"195",2,47,65
"196",2,55,59
"197",2,42,46
"198",2,57,41
"199",2,55,62
"200",3,63,65
