"","santerespi","qualiteair","individ","NEIGHID"
"1",1.52,0.53,1,26
"2",-1.33,0.53,2,26
"3",0.56,0.53,3,26
"4",1.52,0.53,4,26
"5",-1.33,0.53,5,26
"6",-0.13,1.23,6,27
"7",0.03,1,7,29
"8",0.56,1,8,29
"9",0.16,1,9,29
"10",-0.36,1,10,29
"11",-1.33,1,11,29
"12",-1.33,1,12,29
"13",0.74,1,13,29
"14",0.16,1,14,29
"15",-1.33,1,15,29
"16",1.52,0.81,16,30
"17",-0.13,0.81,17,30
"18",2.42,1.09,18,31
"19",-1.33,1.09,19,31
"20",0.03,0.89,20,32
"21",0.26,0.89,21,32
"22",-0.36,0.89,22,32
"23",0.74,0.89,23,32
"24",0.03,0.89,24,32
"25",-0.36,0.89,25,32
"26",-0.36,1.62,26,33
"27",-1.33,1.62,27,33
"28",-1.33,1.62,28,33
"29",-0.36,1.62,29,33
"30",-1.33,1.4,30,35
"31",-1.33,1.4,31,35
"32",-1.33,1.4,32,35
"33",0.26,1.3,33,36
"34",0.74,1.3,34,36
"35",-1.33,1.85,35,37
"36",-1.33,0.73,36,38
"37",-1.33,0.73,37,38
"38",0.74,0.73,38,38
"39",-0.36,0.73,39,38
"40",-0.13,0.73,40,38
"41",-0.36,1.1,41,39
"42",-0.13,1.1,42,39
"43",-1.33,1.1,43,39
"44",-1.33,1.39,44,40
"45",0.56,1.39,45,40
"46",-1.33,1.39,46,40
"47",0.03,1.39,47,40
"48",-1.33,1.31,48,41
"49",-0.13,1.28,49,47
"50",-1.33,1.28,50,47
"51",-1.33,1.28,51,47
"52",-0.13,1.28,52,47
"53",0.26,1.28,53,47
"54",-1.33,1.28,54,47
"55",-0.36,1.28,55,47
"56",-0.36,1.28,56,47
"57",0.03,0.73,57,48
"58",-1.33,0.73,58,48
"59",-0.13,0.73,59,48
"60",-1.33,0.73,60,48
"61",-1.33,0.73,61,48
"62",0.26,1.73,62,49
"63",0.39,1.73,63,49
"64",0.03,1.73,64,49
"65",-1.33,1.73,65,49
"66",0.03,1.73,66,49
"67",-1.33,1.73,67,49
"68",-1.33,2.34,68,50
"69",-1.33,2.34,69,50
"70",-1.33,2.34,70,50
"71",-1.33,2.34,71,50
"72",-1.33,2.34,72,50
"73",-1.33,2.34,73,50
"74",-1.33,2.3,74,51
"75",-1.33,2.3,75,51
"76",0.91,2.3,76,51
"77",-1.33,2.3,77,51
"78",-0.36,2.3,78,51
"79",-1.33,2.3,79,51
"80",-1.33,1.28,80,52
"81",1.14,1.28,81,52
"82",0.74,1.28,82,52
"83",-1.33,1.28,83,52
"84",-1.33,0.74,84,53
"85",-0.36,0.74,85,53
"86",2.42,0.74,86,53
"87",-1.33,0.74,87,53
"88",0.91,1.01,88,54
"89",-1.33,1.01,89,54
"90",-1.33,1.01,90,54
"91",-0.36,1.01,91,54
"92",0.16,1.67,92,55
"93",-0.36,1.67,93,55
"94",0.91,1.56,94,56
"95",-0.13,1.56,95,56
"96",-0.13,1.56,96,56
"97",-1.33,1.56,97,56
"98",0.56,1.1,98,57
"99",-0.58,1.1,99,57
"100",-1.33,1.1,100,57
"101",-1.33,1.1,101,57
"102",-1.33,1.1,102,57
"103",-0.36,1.71,103,58
"104",0.26,1.71,104,58
"105",0.16,1.71,105,58
"106",-0.58,1.71,106,58
"107",-1.33,0.65,107,59
"108",0.16,0.65,108,59
"109",-1.33,0.65,109,59
"110",1.52,0.82,110,60
"111",-1.33,0.82,111,60
"112",0.56,0.82,112,60
"113",0.91,0.82,113,60
"114",-1.33,0.82,114,60
"115",0.26,0.82,115,60
"116",-1.33,1.17,116,61
"117",0.39,1.17,117,61
"118",1.14,1.17,118,61
"119",0.03,1.17,119,61
"120",0.16,1.17,120,61
"121",-0.36,1.17,121,61
"122",0.56,0.68,122,62
"123",-1.33,0.68,123,62
"124",0.03,0.68,124,62
"125",0.39,0.68,125,62
"126",-0.36,0.68,126,62
"127",0.56,0.68,127,62
"128",0.39,1.39,128,64
"129",0.91,0.71,129,65
"130",1.14,0.87,130,66
"131",0.16,0.87,131,66
"132",-0.13,0.87,132,66
"133",-0.58,0.87,133,66
"134",0.56,0.87,134,66
"135",0.39,0.87,135,66
"136",-0.13,0.49,136,67
"137",-0.36,0.49,137,67
"138",-0.58,0.49,138,67
"139",2.42,0.49,139,67
"140",-1.33,0.49,140,67
"141",0.16,0.88,141,68
"142",2.42,0.88,142,68
"143",-1.33,0.88,143,68
"144",-1.33,0.88,144,68
"145",-1.33,0.88,145,68
"146",-1.33,0.88,146,68
"147",-0.13,1.16,147,69
"148",1.14,1.16,148,69
"149",-0.36,1.16,149,69
"150",0.26,1.16,150,69
"151",0.56,1.16,151,69
"152",0.91,1.16,152,69
"153",-1.33,1.16,153,69
"154",-1.33,1.89,154,70
"155",-1.33,1.89,155,70
"156",-1.33,1.89,156,70
"157",-1.33,1.89,157,70
"158",-1.33,1.5,158,119
"159",-1.33,1.5,159,119
"160",-0.36,1.5,160,119
"161",0.16,1.5,161,119
"162",-1.33,1.5,162,119
"163",-0.36,1.44,163,120
"164",-1.33,1.44,164,120
"165",-1.33,1.17,165,121
"166",2.42,1.17,166,121
"167",0.03,1.44,167,122
"168",0.26,1.44,168,122
"169",0.56,1.44,169,122
"170",-0.36,1.2,170,123
"171",-1.33,1.2,171,123
"172",1.14,1.2,172,123
"173",-0.58,1.2,173,123
"174",0.74,1.2,174,123
"175",0.03,1.39,175,124
"176",-1.33,0.86,176,125
"177",-1.33,0.86,177,125
"178",0.91,0.86,178,125
"179",-1.33,1.23,179,126
"180",-1.33,1.23,180,126
"181",1.14,1.23,181,126
"182",0.03,1.23,182,126
"183",-0.58,1.23,183,126
"184",1.52,1.23,184,126
"185",-1.33,1.23,185,126
"186",-0.58,0.89,186,127
"187",-1.33,0.89,187,127
"188",-1.33,0.89,188,127
"189",0.16,0.64,189,128
"190",-0.13,0.64,190,128
"191",-0.58,0.64,191,128
"192",0.74,0.64,192,128
"193",1.52,0.64,193,128
"194",-1.33,0.64,194,128
"195",-1.33,0.54,195,130
"196",-0.13,0.54,196,130
"197",0.03,0.54,197,130
"198",1.52,0.54,198,130
"199",0.56,0.54,199,130
"200",-1.33,1.66,200,133
"201",0.56,1.66,201,133
"202",-0.13,1.66,202,133
"203",-1.33,1.66,203,133
"204",0.16,1.02,204,134
"205",-0.36,1.68,205,135
"206",-1.33,1.68,206,135
"207",-1.33,1.36,207,136
"208",-1.33,1.36,208,136
"209",-1.33,1.36,209,136
"210",-1.33,1.54,210,137
"211",0.03,1.54,211,137
"212",-1.33,1.54,212,137
"213",0.03,1.32,213,138
"214",-1.33,0.91,214,139
"215",0.03,0.91,215,139
"216",0.39,0.91,216,139
"217",-0.36,0.91,217,139
"218",1.14,0.91,218,139
"219",0.56,0.91,219,139
"220",-0.13,0.91,220,139
"221",0.26,0.91,221,139
"222",0.03,1.61,222,140
"223",0.03,1.61,223,140
"224",-0.36,1.61,224,140
"225",-1.33,1.61,225,140
"226",-0.36,1.61,226,140
"227",-1.33,1.61,227,140
"228",-1.33,1.61,228,140
"229",1.14,1.61,229,140
"230",2.42,0.68,230,143
"231",-0.13,0.68,231,143
"232",-1.33,1.3,232,144
"233",-1.33,1.3,233,144
"234",-1.33,1.3,234,144
"235",-0.13,1.3,235,144
"236",1.52,1.3,236,144
"237",0.16,1.3,237,144
"238",0.03,1.42,238,145
"239",0.91,1.42,239,145
"240",-1.33,1.42,240,145
"241",1.14,1.42,241,145
"242",-0.36,1.42,242,145
"243",-1.33,1.42,243,145
"244",-0.13,1.42,244,145
"245",1.52,1.03,245,146
"246",-0.58,1.03,246,146
"247",0.91,0.85,247,147
"248",0.91,0.85,248,147
"249",0.03,0.52,249,148
"250",0.56,0.52,250,148
"251",1.52,0.52,251,148
"252",1.52,0.52,252,148
"253",-0.13,0.52,253,148
"254",0.56,0.52,254,148
"255",0.26,0.52,255,148
"256",0.74,0.88,256,149
"257",0.56,0.88,257,149
"258",0.39,0.88,258,149
"259",0.91,0.88,259,149
"260",-1.33,0.68,260,150
"261",0.26,0.68,261,150
"262",0.39,0.68,262,150
"263",0.56,0.68,263,150
"264",0.74,0.18,264,151
"265",0.74,0.18,265,151
"266",0.39,0.18,266,151
"267",0.74,0.18,267,151
"268",1.14,0.18,268,151
"269",1.52,0.18,269,151
"270",0.26,0.9,270,152
"271",-1.33,0.9,271,152
"272",-1.33,0.9,272,152
"273",0.39,0.9,273,152
"274",-0.36,0.9,274,152
"275",-0.36,0.9,275,152
"276",-1.33,0.9,276,152
"277",-0.13,1.12,277,153
"278",1.14,1.12,278,153
"279",0.91,1.12,279,153
"280",0.91,1.12,280,153
"281",0.74,1.12,281,153
"282",-0.58,1.12,282,153
"283",0.56,1.12,283,153
"284",-0.13,1.12,284,153
"285",1.14,1.12,285,153
"286",-1.33,2.13,286,154
"287",-0.36,2.13,287,154
"288",0.03,2.13,288,154
"289",-1.33,0.98,289,155
"290",-1.33,0.98,290,155
"291",0.91,0.98,291,155
"292",-0.36,0.98,292,155
"293",0.03,0.98,293,155
"294",-1.33,0.98,294,155
"295",0.03,0.98,295,155
"296",-0.36,2.81,296,156
"297",-1.33,1.25,297,157
"298",-1.33,1.25,298,157
"299",-1.33,1.25,299,157
"300",0.16,1.67,300,158
"301",-1.33,1.67,301,158
"302",-0.36,0.42,302,166
"303",-1.33,0.65,303,168
"304",-1.33,0.65,304,168
"305",0.39,0.65,305,168
"306",0.91,0.65,306,168
"307",-0.36,1.14,307,169
"308",0.74,1.14,308,169
"309",0.39,1.14,309,169
"310",-0.36,1.14,310,169
"311",-0.13,1.14,311,169
"312",0.16,1.14,312,169
"313",2.42,1.14,313,169
"314",-0.13,1.14,314,169
"315",-0.36,1.14,315,169
"316",-0.36,0.85,316,170
"317",-0.13,0.85,317,170
"318",-0.36,1.27,318,171
"319",-1.33,1.27,319,171
"320",-1.33,1.27,320,171
"321",-1.33,1.27,321,171
"322",0.16,1.27,322,171
"323",0.16,1.27,323,171
"324",0.39,1.27,324,171
"325",-0.13,0.82,325,172
"326",1.52,0.82,326,172
"327",2.42,1.32,327,174
"328",0.91,1.32,328,174
"329",0.56,1.32,329,174
"330",0.39,1.32,330,174
"331",0.39,1.32,331,174
"332",1.52,1.32,332,174
"333",0.91,1.32,333,174
"334",-1.33,1.1,334,175
"335",0.39,1.1,335,175
"336",0.39,1.1,336,175
"337",-0.13,1.1,337,175
"338",0.03,1.1,338,175
"339",0.03,0.76,339,176
"340",-0.58,0.76,340,176
"341",1.14,0.76,341,176
"342",1.14,0.76,342,176
"343",-1.33,0.76,343,176
"344",-1.33,0.61,344,177
"345",0.16,0.61,345,177
"346",0.26,0.61,346,177
"347",0.03,0.61,347,177
"348",0.26,0.61,348,177
"349",0.74,0.61,349,177
"350",0.16,0.8,350,178
"351",0.39,0.8,351,178
"352",0.74,0.8,352,178
"353",0.26,0.8,353,178
"354",2.42,0.8,354,178
"355",-0.58,0.83,355,179
"356",0.39,0.83,356,179
"357",0.39,0.83,357,179
"358",0.16,0.83,358,179
"359",1.52,0.83,359,179
"360",0.39,0.93,360,180
"361",0.91,0.93,361,180
"362",1.52,0.93,362,180
"363",0.91,1.3,363,181
"364",-1.33,1.3,364,181
"365",0.16,1.3,365,181
"366",-1.33,1.3,366,181
"367",-1.33,1.3,367,181
"368",-1.33,1.3,368,181
"369",0.91,1.3,369,181
"370",-0.58,1.3,370,181
"371",-1.33,1.14,371,182
"372",0.56,1.14,372,182
"373",-1.33,1.14,373,182
"374",0.39,1.05,374,183
"375",0.03,1.13,375,184
"376",-1.33,1.13,376,184
"377",-0.58,1.13,377,184
"378",0.03,1.13,378,184
"379",-1.33,1.13,379,184
"380",-0.13,1.13,380,184
"381",-1.33,0.69,381,185
"382",0.39,0.69,382,185
"383",-1.33,0.54,383,186
"384",-1.33,0.54,384,186
"385",-0.58,0.54,385,186
"386",0.91,0.99,386,187
"387",2.42,0.99,387,187
"388",-1.33,0.99,388,187
"389",-0.58,0.99,389,187
"390",0.39,0.99,390,187
"391",-1.33,1.07,391,188
"392",-1.33,1.07,392,188
"393",-0.58,1.07,393,188
"394",0.74,1.07,394,188
"395",0.39,0.56,395,189
"396",-1.33,0.56,396,189
"397",-0.13,0.71,397,190
"398",-0.58,0.71,398,190
"399",0.39,0.71,399,190
"400",1.14,0.71,400,190
"401",-1.33,0.71,401,190
"402",-1.33,0.71,402,190
"403",0.03,0.71,403,190
"404",-0.36,0.4,404,191
"405",-1.33,0.4,405,191
"406",-1.33,0.4,406,191
"407",0.56,0.99,407,192
"408",-1.33,0.99,408,192
"409",-0.58,0.99,409,192
"410",-1.33,0.99,410,192
"411",0.39,0.99,411,192
"412",-0.58,1.86,412,193
"413",2.42,1.86,413,193
"414",-1.33,1.86,414,193
"415",-0.36,1.86,415,193
"416",2.42,0.62,416,194
"417",0.91,0.62,417,194
"418",0.26,0.62,418,194
"419",-0.36,0.62,419,194
"420",-1.33,2.65,420,195
"421",-1.33,2.65,421,195
"422",-1.33,2.65,422,195
"423",0.39,2.65,423,195
"424",0.26,2.65,424,195
"425",-0.13,2.65,425,195
"426",-0.36,2.65,426,195
"427",-1.33,2.65,427,195
"428",-1.33,2.65,428,195
"429",0.39,1.38,429,197
"430",-1.33,1.38,430,197
"431",-0.36,1.38,431,197
"432",1.14,1.38,432,197
"433",0.74,1.38,433,197
"434",-0.13,1.68,434,198
"435",0.16,1.68,435,198
"436",0.26,1.68,436,198
"437",-1.33,1.68,437,198
"438",-0.36,1.57,438,199
"439",0.03,1.57,439,199
"440",0.03,1.57,440,199
"441",0.39,1.57,441,199
"442",-0.13,1.57,442,199
"443",0.39,1.57,443,199
"444",-1.33,1.57,444,199
"445",-0.13,1.05,445,200
"446",0.74,0.56,446,210
"447",0.03,0.56,447,210
"448",-0.36,0.56,448,210
"449",2.42,0.56,449,210
"450",-0.13,0.56,450,210
"451",2.42,0.56,451,210
"452",0.03,0.92,452,211
"453",-0.36,0.92,453,211
"454",0.91,1.23,454,212
"455",-0.36,1.23,455,212
"456",0.03,1.23,456,212
"457",-0.13,0.86,457,213
"458",1.14,0.67,458,215
"459",-1.33,0.67,459,215
"460",0.91,0.44,460,216
"461",0.56,0.44,461,216
"462",1.14,0.44,462,216
"463",0.39,0.44,463,216
"464",0.39,0.44,464,216
"465",-0.36,0.44,465,216
"466",1.52,0.44,466,216
"467",2.42,0.44,467,216
"468",1.14,0.44,468,216
"469",1.52,0.44,469,216
"470",0.74,0.44,470,216
"471",0.74,0.44,471,216
"472",-0.36,0.62,472,217
"473",0.16,0.62,473,217
"474",-1.33,0.62,474,217
"475",0.39,0.62,475,217
"476",-0.58,0.62,476,217
"477",0.91,0.62,477,217
"478",-1.33,1.96,478,218
"479",-0.36,1.96,479,218
"480",-0.36,1.96,480,218
"481",-1.33,1.96,481,218
"482",1.14,1.96,482,218
"483",-1.33,1.96,483,218
"484",0.56,1.96,484,218
"485",0.16,1.6,485,219
"486",-1.33,1.6,486,219
"487",0.91,1.6,487,219
"488",0.26,0.97,488,220
"489",-1.33,0.97,489,220
"490",-0.36,0.97,490,220
"491",0.03,0.97,491,220
"492",0.74,0.97,492,220
"493",0.03,0.97,493,220
"494",-0.58,1.31,494,221
"495",-0.13,1.31,495,221
"496",-0.36,1.31,496,221
"497",0.74,0.94,497,222
"498",1.14,0.94,498,222
"499",0.39,0.94,499,222
"500",-0.13,0.78,500,223
"501",0.56,0.78,501,223
"502",0.03,0.78,502,223
"503",-1.33,1.25,503,224
"504",0.03,1.25,504,224
"505",-0.58,1.25,505,224
"506",-0.13,1.25,506,224
"507",0.26,1.25,507,224
"508",2.42,1.25,508,224
"509",0.91,2.45,509,225
"510",-0.36,1.08,510,226
"511",-0.13,1.08,511,226
"512",-1.33,1.08,512,226
"513",0.26,1.08,513,226
"514",-0.13,1.08,514,226
"515",0.91,0.64,515,227
"516",0.56,0.64,516,227
"517",2.42,0.64,517,227
"518",0.74,0.64,518,227
"519",0.56,0.64,519,227
"520",-0.36,0.64,520,227
"521",1.52,0.59,521,228
"522",-1.33,0.84,522,229
"523",-1.33,0.84,523,229
"524",0.16,0.84,524,229
"525",0.74,0.84,525,229
"526",0.74,0.84,526,229
"527",-1.33,0.84,527,229
"528",1.14,0.84,528,229
"529",0.39,0.84,529,229
"530",-0.36,0.84,530,229
"531",0.56,0.84,531,229
"532",0.56,0.84,532,229
"533",0.74,0.84,533,229
"534",-0.13,0.86,534,230
"535",0.39,0.86,535,230
"536",0.26,0.86,536,230
"537",0.74,0.86,537,230
"538",1.52,0.86,538,230
"539",1.14,0.86,539,230
"540",0.74,0.86,540,230
"541",0.16,1.01,541,231
"542",-0.58,1.01,542,231
"543",0.16,1.01,543,231
"544",-1.33,1.01,544,231
"545",0.26,1.01,545,231
"546",-0.58,1.01,546,231
"547",-0.13,1.53,547,232
"548",0.39,1.53,548,232
"549",0.26,1.53,549,232
"550",-0.58,1.53,550,232
"551",-0.58,1.12,551,233
"552",0.39,1.12,552,233
"553",0.39,1.12,553,233
"554",0.91,1.12,554,233
"555",-0.36,1.38,555,234
"556",0.39,1.38,556,234
"557",-1.33,1.38,557,234
"558",-0.36,2.21,558,235
"559",0.16,2.21,559,235
"560",-0.13,2.21,560,235
"561",0.39,2.21,561,235
"562",0.03,2.1,562,236
"563",-0.58,2.1,563,236
"564",-0.13,2.1,564,236
"565",-0.13,2.22,565,237
"566",0.26,2.22,566,237
"567",-1.33,2.22,567,237
"568",0.91,1.77,568,238
"569",-0.36,1.77,569,238
"570",-0.36,2.1,570,239
"571",0.16,2.1,571,239
"572",0.03,2.1,572,239
"573",0.03,2.1,573,239
"574",0.74,2.1,574,239
"575",0.03,1.61,575,240
"576",-0.58,1.61,576,240
"577",-1.33,1.61,577,240
"578",-0.58,1.61,578,240
"579",-1.33,2.17,579,241
"580",-1.33,2.17,580,241
"581",-1.33,2.17,581,241
"582",0.56,2.17,582,241
"583",-1.33,2.7,583,242
"584",-1.33,2.7,584,242
"585",-1.33,1.46,585,243
"586",-0.36,1.46,586,243
"587",-1.33,1.92,587,245
"588",-1.33,1.92,588,245
"589",1.52,2.1,589,247
"590",-0.58,2.1,590,247
"591",1.14,2.1,591,247
"592",-0.13,1.76,592,248
"593",-1.33,1.76,593,248
"594",0.03,1.76,594,248
"595",-0.36,1.76,595,248
"596",0.26,1.76,596,248
"597",0.16,1.76,597,248
"598",0.39,1.09,598,249
"599",0.74,1.09,599,249
"600",0.16,1.09,600,249
"601",0.26,1.09,601,249
"602",-1.33,1.09,602,249
"603",0.39,1.09,603,249
"604",0.26,1.09,604,249
"605",-0.36,2,605,250
"606",-1.33,0.98,606,251
"607",-1.33,0.98,607,251
"608",0.03,0.98,608,251
"609",0.91,0.98,609,251
"610",-1.33,0.98,610,251
"611",0.74,0.46,611,252
"612",-0.36,0.46,612,252
"613",1.52,0.46,613,252
"614",2.42,0.46,614,252
"615",-1.33,0.46,615,252
"616",0.26,1.54,616,253
"617",-0.36,1.54,617,253
"618",-1.33,1.54,618,253
"619",1.52,1.91,619,256
"620",-1.33,1.91,620,256
"621",0.16,0.03,621,258
"622",1.52,0.03,622,258
"623",0.74,0.03,623,258
"624",0.26,0.03,624,258
"625",1.14,0.03,625,258
"626",-0.58,0.15,626,259
"627",1.14,0.15,627,259
"628",0.91,0.15,628,259
"629",1.52,0.15,629,259
"630",1.14,0.15,630,259
"631",2.42,0.15,631,259
"632",1.52,0.15,632,259
"633",0.74,0.15,633,259
"634",1.14,0.15,634,259
"635",0.91,0.05,635,260
"636",2.42,0.05,636,260
"637",2.42,0.05,637,260
"638",1.52,0.05,638,260
"639",1.52,0.05,639,260
"640",1.14,0.05,640,260
"641",-0.36,0.05,641,260
"642",0.56,0.36,642,261
"643",0.56,0.36,643,261
"644",2.42,0.36,644,261
"645",0.91,0.36,645,261
"646",0.91,0.36,646,261
"647",1.14,0.36,647,261
"648",2.42,0.36,648,261
"649",0.03,0.52,649,262
"650",0.74,0.52,650,262
"651",0.74,0.52,651,262
"652",-1.33,0.52,652,262
"653",-0.36,0.52,653,262
"654",0.03,0.52,654,262
"655",-0.36,0.52,655,262
"656",-0.36,0.34,656,263
"657",2.42,0.34,657,263
"658",1.14,0.34,658,263
"659",0.39,0.34,659,263
"660",1.52,0.34,660,263
"661",0.26,0.34,661,263
"662",1.52,0.34,662,263
"663",0.39,0.34,663,263
"664",0.26,0.34,664,263
"665",1.52,0.34,665,263
"666",0.74,0.34,666,263
"667",0.16,0.34,667,263
"668",0.39,0.34,668,263
"669",0.91,0.34,669,263
"670",1.14,0.34,670,263
"671",0.56,0.34,671,263
"672",0.56,0.37,672,264
"673",0.26,0.37,673,264
"674",-1.33,0.37,674,264
"675",1.52,0.37,675,264
"676",1.14,0.37,676,264
"677",1.14,0.37,677,264
"678",0.74,0.37,678,264
"679",0.74,0.15,679,265
"680",1.14,0.15,680,265
"681",0.74,0.15,681,265
"682",0.26,0.15,682,265
"683",1.52,0.15,683,265
"684",0.91,0.15,684,265
"685",0.39,0.15,685,265
"686",-0.36,0.15,686,265
"687",1.14,0.23,687,266
"688",0.74,0.23,688,266
"689",-0.58,0.23,689,266
"690",0.39,0.23,690,266
"691",-0.13,0.23,691,266
"692",0.74,0.23,692,266
"693",0.16,0.23,693,266
"694",1.52,0.4,694,267
"695",0.39,0.4,695,267
"696",0.91,0.4,696,267
"697",0.26,0.4,697,267
"698",2.42,0.4,698,267
"699",0.91,0.4,699,267
"700",2.42,0.4,700,288
"701",0.39,0.4,701,288
"702",1.14,0.4,702,288
"703",0.39,0.4,703,288
"704",-0.36,0.4,704,288
"705",0.39,0.4,705,288
"706",-1.33,0.64,706,290
"707",0.16,0.64,707,293
"708",0.91,0.64,708,293
"709",1.14,0.3,709,295
"710",1.14,0.3,710,295
"711",2.42,0.3,711,295
"712",1.52,0.3,712,295
"713",1.14,0.3,713,295
"714",0.16,0.53,714,296
"715",2.42,0.53,715,296
"716",0.03,0.53,716,296
"717",0.03,0.3,717,297
"718",2.42,0.3,718,297
"719",-0.58,0.3,719,297
"720",2.42,0.3,720,297
"721",0.39,0.38,721,298
"722",-0.36,0.38,722,298
"723",0.91,0.38,723,298
"724",0.39,0.38,724,298
"725",-0.58,0.38,725,298
"726",2.42,0.38,726,298
"727",0.56,0.38,727,298
"728",0.74,0.38,728,298
"729",0.16,0.38,729,298
"730",1.14,0.29,730,299
"731",1.14,0.29,731,299
"732",0.74,0.29,732,299
"733",-0.36,0.29,733,299
"734",-0.36,0.29,734,299
"735",2.42,0.29,735,299
"736",0.74,0.29,736,299
"737",0.56,0.29,737,299
"738",1.14,0.26,738,300
"739",0.39,0.26,739,300
"740",0.56,0.26,740,300
"741",1.52,0.12,741,301
"742",1.52,0.77,742,314
"743",-1.33,0.77,743,314
"744",0.39,0.77,744,314
"745",2.42,0.77,745,314
"746",1.52,0.99,746,315
"747",-1.33,0.99,747,315
"748",-0.36,0.99,748,315
"749",0.16,0.41,749,317
"750",-0.58,0.41,750,317
"751",-0.36,1.43,751,318
"752",-0.36,1.43,752,318
"753",-1.33,1.43,753,318
"754",0.03,1.43,754,318
"755",0.03,1.43,755,318
"756",-0.13,1.43,756,318
"757",-0.36,1.43,757,318
"758",-1.33,1.43,758,318
"759",1.52,0.51,759,319
"760",0.03,1.34,760,344
"761",-0.36,1.34,761,344
"762",-0.36,1,762,345
"763",0.56,0.94,763,346
"764",0.16,0.94,764,346
"765",0.91,0.82,765,347
"766",-1.33,0.82,766,347
"767",-0.13,0.82,767,347
"768",1.52,0.82,768,347
"769",-1.33,1.27,769,348
"770",0.03,1.27,770,348
"771",2.42,1.27,771,348
"772",-0.58,1.27,772,348
"773",0.56,1.27,773,348
"774",-1.33,1.27,774,348
"775",2.42,1.27,775,348
"776",-1.33,1.27,776,348
"777",0.74,0.84,777,349
"778",0.39,0.84,778,349
"779",0.91,0.84,779,349
"780",-1.33,0.84,780,349
"781",0.74,0.89,781,350
"782",-1.33,0.89,782,350
"783",-1.33,1.2,783,351
"784",1.52,1.2,784,351
"785",1.14,1.2,785,351
"786",-0.36,1.2,786,351
"787",0.03,1.2,787,351
"788",0.03,1.2,788,351
"789",0.56,1.2,789,351
"790",-0.36,1.2,790,351
"791",0.16,1.2,791,351
"792",1.14,0,792,353
"793",0.91,0.14,793,382
"794",-1.33,0.14,794,382
"795",0.39,0.14,795,382
"796",2.42,0.14,796,382
"797",1.52,0.14,797,382
"798",0.26,0.14,798,382
"799",0.03,0.14,799,382
"800",0.26,1.92,800,383
"801",-0.36,1.92,801,383
"802",1.52,1.92,802,383
"803",-0.58,1.92,803,383
"804",-1.33,0.7,804,384
"805",-0.36,0.7,805,384
"806",1.14,0.54,806,387
"807",2.42,0.44,807,388
"808",0.56,0.44,808,388
"809",0.16,0.44,809,388
"810",-0.58,0.44,810,388
"811",0.91,0.84,811,389
"812",-1.33,0.84,812,389
"813",2.42,0.84,813,389
"814",0.39,0.84,814,389
"815",0.91,0.84,815,389
"816",-0.13,0.84,816,389
"817",-0.13,0.84,817,389
"818",-1.33,0.94,818,391
"819",1.52,0.94,819,391
"820",0.56,0.94,820,391
"821",2.42,0.94,821,391
"822",2.42,0.94,822,391
"823",1.52,0.94,823,391
"824",0.39,0.94,824,391
"825",0.56,0.94,825,391
"826",0.56,0.88,826,392
"827",0.26,0.88,827,392
"828",0.56,0.88,828,392
"829",-0.36,0.88,829,392
"830",-0.13,0.74,830,394
"831",0.16,0.74,831,394
"832",-1.33,0.74,832,394
"833",0.74,0.28,833,395
"834",0.56,1.96,834,396
"835",0.39,1.96,835,396
"836",-0.36,1.65,836,397
"837",0.74,1.68,837,398
"838",0.16,1.68,838,398
"839",-0.58,1.68,839,398
"840",-0.58,1.68,840,398
"841",0.03,1.49,841,399
"842",1.52,0.94,842,400
"843",0.26,0.94,843,400
"844",0.26,0.94,844,400
"845",0.16,1.32,845,401
"846",0.91,1.32,846,401
"847",0.39,1.32,847,401
"848",0.39,0.56,848,402
"849",-0.58,0.56,849,402
"850",0.39,0.56,850,402
"851",0.16,0.65,851,403
"852",2.42,0.65,852,403
"853",-1.33,0.65,853,403
"854",-1.33,0.65,854,403
"855",-0.36,0.65,855,403
"856",0.74,0.65,856,403
"857",2.42,0.85,857,404
"858",0.16,0.85,858,404
"859",-1.33,1.7,859,405
"860",0.56,1.7,860,405
"861",-1.33,2.29,861,413
"862",0.74,2.29,862,413
"863",-0.36,2.29,863,413
"864",0.39,1.4,864,414
"865",-0.13,1.4,865,414
"866",-1.33,1.33,866,416
"867",-0.13,1.18,867,417
"868",-1.33,1.18,868,417
"869",0.16,1.18,869,417
"870",0.91,2.84,870,418
"871",-0.58,2.84,871,418
"872",-1.33,2.84,872,418
"873",-0.58,3.26,873,419
"874",-1.33,3.26,874,419
"875",0.56,1.19,875,420
"876",0.03,1.19,876,420
"877",-0.36,1.19,877,420
"878",0.91,0.62,878,422
"879",0.16,0.73,879,424
"880",0.16,0.73,880,424
"881",0.26,0.73,881,424
"882",-0.36,0.63,882,425
"883",0.03,0.63,883,425
"884",-0.36,0.35,884,426
"885",0.91,0.35,885,426
"886",1.52,0.35,886,426
"887",0.16,0.63,887,427
"888",0.56,0.63,888,427
"889",0.39,0.63,889,427
"890",0.91,0.63,890,427
"891",0.03,0.63,891,427
"892",0.74,0.63,892,427
"893",1.52,0.7,893,428
"894",1.52,0.7,894,428
"895",1.14,0.7,895,428
"896",1.14,0.7,896,428
"897",1.52,0.7,897,428
"898",1.52,0.7,898,428
"899",1.14,0.7,899,428
"900",0.03,0.83,900,429
"901",-0.36,0.83,901,429
"902",1.14,0.83,902,430
"903",0.56,0.88,903,431
"904",0.26,0.88,904,431
"905",-0.36,0.88,905,431
"906",-0.58,0.88,906,431
"907",-0.36,0.9,907,432
"908",1.14,0.9,908,432
"909",1.52,0.46,909,434
"910",1.52,0.46,910,434
"911",0.74,0.72,911,435
"912",-1.33,1.67,912,436
"913",-0.36,1.67,913,436
"914",-1.33,1.82,914,437
"915",-1.33,1.82,915,437
"916",0.03,1.82,916,437
"917",-1.33,1.82,917,437
"918",-1.33,1.82,918,437
"919",-1.33,1.82,919,437
"920",-1.33,1.82,920,437
"921",-1.33,1.82,921,437
"922",-1.33,1.6,922,438
"923",1.52,1.6,923,438
"924",-0.58,1.6,924,438
"925",0.03,2.18,925,439
"926",-1.33,2.18,926,439
"927",-1.33,2.18,927,439
"928",-0.13,2.18,928,439
"929",-0.36,2.18,929,439
"930",0.16,2.18,930,439
"931",-1.33,2.18,931,439
"932",-1.33,2.18,932,439
"933",0.74,1.27,933,440
"934",-1.33,1.27,934,440
"935",0.16,0.68,935,441
"936",-1.33,0.68,936,441
"937",0.91,1.7,937,442
"938",-0.36,1.7,938,442
"939",-1.33,1.7,939,442
"940",-1.33,2.06,940,444
"941",-0.36,1.01,941,446
"942",0.03,0.32,942,447
"943",0.03,0.32,943,447
"944",-1.33,0.32,944,447
"945",0.56,0.32,945,447
"946",1.14,0.32,946,447
"947",0.91,0.87,947,449
"948",1.52,0.87,948,449
"949",0.74,0.87,949,449
"950",-0.36,0.87,950,450
"951",0.03,1.57,951,451
"952",-0.36,1.57,952,451
"953",0.56,1.57,953,451
"954",-1.33,1.57,954,451
"955",-1.33,1.57,955,451
"956",2.42,1.05,956,452
"957",0.74,1.05,957,452
"958",-1.33,0.81,958,453
"959",-1.33,0.81,959,453
"960",-1.33,0.81,960,453
"961",1.52,2.12,961,454
"962",-1.33,2.12,962,454
"963",-0.58,2.12,963,454
"964",0.56,2.12,964,454
"965",-1.33,2.12,965,454
"966",0.03,2.12,966,454
"967",0.39,2.12,967,454
"968",0.91,2.12,968,454
"969",-1.33,2.12,969,454
"970",1.52,0.28,970,456
"971",1.52,0.28,971,456
"972",0.91,0.28,972,456
"973",0.74,0.28,973,456
"974",0.56,0.28,974,456
"975",0.16,0.28,975,456
"976",-0.36,1.15,976,457
"977",-1.33,0.91,977,458
"978",-1.33,0.91,978,458
"979",-1.33,0.91,979,458
"980",0.03,0.91,980,458
"981",-1.33,0.91,981,458
"982",0.16,0.61,982,459
"983",0.56,0.61,983,459
"984",-0.13,0.61,984,459
"985",-0.36,0.88,985,460
"986",0.03,0.88,986,460
"987",0.74,0.88,987,460
"988",0.16,1.92,988,461
"989",-0.13,1.92,989,461
"990",-0.58,1.92,990,461
"991",-0.36,1.92,991,461
"992",0.56,1.92,992,461
"993",-1.33,1.92,993,461
"994",1.52,0.68,994,462
"995",-0.58,0.78,995,463
"996",-0.58,0.69,996,464
"997",-0.36,0.69,997,464
"998",1.14,0.63,998,465
"999",-0.36,0.63,999,465
"1000",-0.36,0.63,1000,465
"1001",0.26,0.63,1001,465
"1002",-1.33,0.63,1002,465
"1003",-0.36,0.63,1003,465
"1004",0.16,0.63,1004,465
"1005",-0.58,0.63,1005,465
"1006",-0.36,0.63,1006,465
"1007",1.14,0.63,1007,465
"1008",-0.58,0.63,1008,465
"1009",-1.33,2.16,1009,466
"1010",-1.33,2.16,1010,466
"1011",-1.33,2.16,1011,466
"1012",1.14,2.16,1012,466
"1013",2.42,2.16,1013,466
"1014",-0.36,2.16,1014,466
"1015",-0.13,2.26,1015,467
"1016",-1.33,2.26,1016,467
"1017",-1.33,2.26,1017,467
"1018",-1.33,2.34,1018,468
"1019",0.39,2.34,1019,468
"1020",-1.33,2.34,1020,468
"1021",1.52,3.09,1021,469
"1022",-1.33,3.09,1022,469
"1023",-0.58,3.09,1023,469
"1024",-0.13,0.75,1024,470
"1025",-0.13,0.75,1025,470
"1026",-1.33,1.03,1026,471
"1027",-0.36,1.03,1027,471
"1028",0.26,1.03,1028,471
"1029",0.91,1.03,1029,471
"1030",0.39,0.6,1030,472
"1031",1.52,0.6,1031,472
"1032",-0.36,0.6,1032,472
"1033",1.14,0.6,1033,472
"1034",1.14,0.67,1034,491
"1035",1.14,0.67,1035,491
"1036",1.52,0.67,1036,491
"1037",1.52,0.67,1037,491
"1038",-0.36,0.36,1038,492
"1039",2.42,0.36,1039,492
"1040",0.74,0.36,1040,492
"1041",-0.13,0.46,1041,493
"1042",-0.13,0.46,1042,493
"1043",2.42,0.46,1043,493
"1044",1.52,0.46,1044,493
"1045",-1.33,0.46,1045,493
"1046",0.39,0.57,1046,494
"1047",0.16,0.57,1047,494
"1048",1.14,0.57,1048,494
"1049",0.91,2.08,1049,496
"1050",0.39,2.08,1050,496
"1051",1.14,2.08,1051,496
"1052",1.14,2.08,1052,496
"1053",-1.33,2,1053,497
"1054",-1.33,2,1054,497
"1055",-1.33,2,1055,497
"1056",-0.58,2,1056,497
"1057",0.56,2,1057,497
"1058",1.14,2,1058,497
"1059",0.26,0.76,1059,498
"1060",0.39,0.76,1060,498
"1061",1.52,0.76,1061,498
"1062",-0.58,0.76,1062,498
"1063",-1.33,0.76,1063,498
"1064",2.42,0.76,1064,498
"1065",-0.13,0.7,1065,499
"1066",0.56,0.7,1066,499
"1067",1.52,0.56,1067,502
"1068",2.42,0.66,1068,503
"1069",-1.33,0.66,1069,503
"1070",-0.36,0.66,1070,503
"1071",1.52,0.66,1071,503
"1072",0.91,0.66,1072,503
"1073",2.42,0.66,1073,503
"1074",-0.36,0.51,1074,504
"1075",-1.33,3.5,1075,506
"1076",0.74,3.5,1076,506
"1077",1.14,4,1077,507
"1078",-0.58,4,1078,507
"1079",0.74,4,1079,507
"1080",-1.33,4,1080,507
"1081",0.03,4,1081,507
"1082",-1.33,4,1082,507
"1083",0.74,1.91,1083,508
"1084",-1.33,1.91,1084,508
"1085",0.39,1.91,1085,508
"1086",-0.36,1.91,1086,508
"1087",-1.33,1.91,1087,508
"1088",-0.13,1.74,1088,509
"1089",0.74,1.74,1089,509
"1090",-0.13,1.74,1090,509
"1091",-1.33,1.74,1091,509
"1092",1.52,1.74,1092,509
"1093",-0.36,1.34,1093,510
"1094",-0.36,1.34,1094,510
"1095",0.56,1.34,1095,510
"1096",-1.33,1.34,1096,510
"1097",0.74,1.38,1097,511
"1098",0.74,1.38,1098,511
"1099",-0.13,1.38,1099,511
"1100",-0.36,1.38,1100,511
"1101",1.14,1.38,1101,511
"1102",0.26,0.92,1102,512
"1103",0.03,0.92,1103,512
"1104",-0.36,0.59,1104,513
"1105",0.03,0.74,1105,515
"1106",-1.33,0.74,1106,515
"1107",1.14,0.89,1107,517
"1108",-1.33,0.89,1108,517
"1109",0.16,0.89,1109,517
"1110",-1.33,0.89,1110,517
"1111",-0.36,0.89,1111,517
"1112",-0.36,0.89,1112,517
"1113",-0.36,0.89,1113,517
"1114",0.56,0.88,1114,518
"1115",-1.33,0.88,1115,518
"1116",0.03,0.88,1116,518
"1117",0.16,0.26,1117,519
"1118",1.52,0.26,1118,519
"1119",0.56,0.26,1119,519
"1120",0.74,0.26,1120,519
"1121",0.03,0.26,1121,519
"1122",1.52,0.26,1122,519
"1123",1.14,0.26,1123,519
"1124",1.52,0.26,1124,519
"1125",1.14,0.38,1125,520
"1126",1.52,0.38,1126,520
"1127",0.91,0.38,1127,520
"1128",2.42,0.38,1128,520
"1129",0.91,0.38,1129,520
"1130",-1.33,0.35,1130,524
"1131",-1.33,0.1,1131,525
"1132",0.39,0.1,1132,525
"1133",0.56,0.32,1133,526
"1134",-1.33,0.32,1134,526
"1135",2.42,0.32,1135,526
"1136",1.52,0.32,1136,526
"1137",0.91,0.32,1137,526
"1138",2.42,0.32,1138,526
"1139",-1.33,1.11,1139,527
"1140",-1.33,1.11,1140,527
"1141",-0.36,1.72,1141,528
"1142",-1.33,1.72,1142,528
"1143",0.56,1.72,1143,528
"1144",-0.13,1.72,1144,528
"1145",-1.33,1.72,1145,528
"1146",-0.36,1.08,1146,529
"1147",-0.13,1.08,1147,529
"1148",-0.13,1.08,1148,529
"1149",-0.58,1.08,1149,529
"1150",-1.33,1.08,1150,529
"1151",-1.33,1.08,1151,529
"1152",-1.33,1.06,1152,530
"1153",-0.13,1.06,1153,530
"1154",-1.33,1.06,1154,530
"1155",-1.33,1.06,1155,530
"1156",-0.36,1.06,1156,530
"1157",0.03,1.21,1157,531
"1158",-1.33,1.21,1158,531
"1159",-1.33,1.21,1159,531
"1160",1.14,1.27,1160,532
"1161",2.42,1.27,1161,532
"1162",0.56,1.43,1162,533
"1163",0.74,1.43,1163,533
"1164",-1.33,1.37,1164,534
"1165",-1.33,1.37,1165,534
"1166",0.16,1.37,1166,534
"1167",0.26,1.37,1167,534
"1168",-0.58,1.85,1168,535
"1169",-1.33,1.85,1169,535
"1170",0.91,1.85,1170,535
"1171",0.56,1.85,1171,535
"1172",0.26,1.85,1172,535
"1173",-1.33,1.85,1173,535
"1174",-0.13,1.85,1174,535
"1175",-1.33,1.85,1175,535
"1176",-0.58,1.85,1176,535
"1177",0.03,1.79,1177,536
"1178",0.74,1.79,1178,536
"1179",0.56,1.79,1179,536
"1180",0.56,1.33,1180,537
"1181",1.52,1.33,1181,537
"1182",0.74,1.33,1182,537
"1183",-1.33,1.33,1183,537
"1184",0.03,1.33,1184,537
"1185",-0.13,1.33,1185,537
"1186",-1.33,1.33,1186,537
"1187",-1.33,1.33,1187,537
"1188",0.74,1.57,1188,538
"1189",0.16,1.57,1189,538
"1190",2.42,1.43,1190,539
"1191",0.39,1.43,1191,539
"1192",0.39,1.43,1192,539
"1193",-0.58,1.43,1193,539
"1194",-1.33,1.43,1194,539
"1195",0.03,2.09,1195,540
"1196",-1.33,2.09,1196,540
"1197",0.03,2.09,1197,540
"1198",-0.36,2.09,1198,540
"1199",-1.33,2.09,1199,540
"1200",0.03,1.13,1200,541
"1201",0.03,1.13,1201,541
"1202",-1.33,1.13,1202,541
"1203",-0.36,1.13,1203,541
"1204",-1.33,1.13,1204,541
"1205",-0.13,1.13,1205,541
"1206",0.16,1.13,1206,541
"1207",-0.36,1.13,1207,541
"1208",0.26,0.2,1208,542
"1209",1.52,0.2,1209,542
"1210",1.52,0.2,1210,542
"1211",1.14,0.2,1211,542
"1212",1.14,0.2,1212,542
"1213",0.26,0.2,1213,542
"1214",0.91,0.2,1214,542
"1215",-0.13,0.2,1215,542
"1216",2.42,0.2,1216,542
"1217",0.56,0.2,1217,542
"1218",-0.58,0.2,1218,542
"1219",-0.13,0.4,1219,543
"1220",-0.36,0.4,1220,543
"1221",0.56,0.4,1221,543
"1222",-0.36,0.4,1222,543
"1223",1.52,0.4,1223,543
"1224",-0.36,0.4,1224,543
"1225",2.42,0.4,1225,543
"1226",1.52,0.4,1226,543
"1227",-0.13,0.4,1227,543
"1228",0.56,0.4,1228,543
"1229",1.14,0.21,1229,544
"1230",2.42,0.21,1230,544
"1231",0.39,0.21,1231,544
"1232",0.39,0.21,1232,544
"1233",0.03,0.21,1233,544
"1234",-0.13,0.21,1234,544
"1235",2.42,0.21,1235,544
"1236",0.91,0.21,1236,544
"1237",0.91,0.21,1237,544
"1238",0.74,0.21,1238,544
"1239",1.14,0.21,1239,544
"1240",0.56,0.21,1240,544
"1241",1.52,0.21,1241,544
"1242",1.52,0.21,1242,544
"1243",-0.58,0.43,1243,545
"1244",0.03,0.43,1244,545
"1245",-0.13,0.43,1245,545
"1246",0.39,0.43,1246,545
"1247",0.16,0.43,1247,545
"1248",0.56,0.43,1248,545
"1249",2.42,0.43,1249,545
"1250",1.14,0.43,1250,545
"1251",-1.33,0.43,1251,545
"1252",-0.36,0.2,1252,546
"1253",0.74,0.2,1253,546
"1254",2.42,0.2,1254,546
"1255",2.42,0.2,1255,546
"1256",0.56,0.2,1256,546
"1257",0.16,0.2,1257,546
"1258",-0.13,0.29,1258,547
"1259",0.56,0.29,1259,547
"1260",0.56,0.29,1260,547
"1261",0.39,0.29,1261,547
"1262",1.52,0.29,1262,547
"1263",0.03,0.29,1263,547
"1264",2.42,0.45,1264,548
"1265",-1.33,0.45,1265,548
"1266",2.42,0.45,1266,548
"1267",1.52,0.45,1267,548
"1268",1.52,0.45,1268,548
"1269",0.91,0.15,1269,549
"1270",0.56,0.15,1270,549
"1271",-0.13,0.15,1271,549
"1272",2.42,0.15,1272,549
"1273",1.14,0.15,1273,549
"1274",0.91,0.15,1274,549
"1275",-0.13,0.15,1275,549
"1276",2.42,0.15,1276,549
"1277",0.74,0.15,1277,549
"1278",0.91,0.4,1278,550
"1279",1.52,0.4,1279,550
"1280",1.52,0.4,1280,550
"1281",-0.36,0.4,1281,550
"1282",0.39,0.4,1282,550
"1283",2.42,0.4,1283,550
"1284",2.42,0.45,1284,551
"1285",-1.33,0.45,1285,551
"1286",0.26,0.45,1286,551
"1287",-1.33,0.45,1287,551
"1288",-1.33,1.47,1288,552
"1289",0.16,1.47,1289,552
"1290",-1.33,1.12,1290,553
"1291",2.42,1.12,1291,553
"1292",-0.13,1.12,1292,553
"1293",1.52,1.58,1293,554
"1294",0.56,1.58,1294,554
"1295",0.26,1.58,1295,554
"1296",1.14,1.58,1296,554
"1297",-1.33,0.99,1297,555
"1298",0.56,1,1298,556
"1299",0.39,1,1299,556
"1300",1.14,1,1300,556
"1301",-1.33,1.42,1301,557
"1302",-0.36,1.42,1302,557
"1303",-1.33,1.42,1303,557
"1304",-1.33,1.42,1304,557
"1305",0.03,1.42,1305,557
"1306",0.03,1.11,1306,558
"1307",0.74,1.11,1307,558
"1308",0.03,1.11,1308,558
"1309",0.39,1.11,1309,558
"1310",-0.36,1.11,1310,558
"1311",0.74,0.48,1311,559
"1312",1.14,0.48,1312,559
"1313",0.03,0.48,1313,559
"1314",0.91,0.48,1314,559
"1315",0.03,0.48,1315,559
"1316",0.03,0.48,1316,559
"1317",1.14,0.48,1317,559
"1318",0.16,1.15,1318,560
"1319",-0.36,1.15,1319,560
"1320",0.56,1.15,1320,560
"1321",0.39,1.15,1321,560
"1322",0.39,1.15,1322,560
"1323",0.26,1.15,1323,560
"1324",0.56,1.15,1324,560
"1325",0.74,0.52,1325,561
"1326",0.56,0.52,1326,561
"1327",-0.36,0.52,1327,561
"1328",0.26,0.52,1328,561
"1329",-1.33,0.52,1329,561
"1330",1.52,0.52,1330,561
"1331",0.39,0.52,1331,561
"1332",0.26,0.52,1332,561
"1333",0.16,0.52,1333,561
"1334",-1.33,1.01,1334,562
"1335",-1.33,1.01,1335,562
"1336",0.74,1.01,1336,562
"1337",-1.33,1.01,1337,562
"1338",-0.36,1.01,1338,562
"1339",0.56,1.01,1339,562
"1340",0.56,1.01,1340,562
"1341",0.56,1.01,1341,562
"1342",-0.36,1.01,1342,562
"1343",0.74,1.01,1343,562
"1344",0.91,1.01,1344,562
"1345",1.52,1.01,1345,562
"1346",2.42,1.01,1346,562
"1347",0.56,1,1347,563
"1348",1.52,1,1348,563
"1349",-1.33,1,1349,563
"1350",-1.33,1,1350,563
"1351",-0.13,1,1351,563
"1352",1.52,1.08,1352,564
"1353",0.39,1.08,1353,564
"1354",0.74,1.08,1354,564
"1355",0.16,1.08,1355,564
"1356",-1.33,1.08,1356,564
"1357",-1.33,3.27,1357,565
"1358",-0.36,3.27,1358,565
"1359",-1.33,3.27,1359,565
"1360",2.42,3.27,1360,565
"1361",-0.36,3.27,1361,565
"1362",-0.58,3.27,1362,565
"1363",1.52,0.59,1363,566
"1364",0.03,0.59,1364,566
"1365",0.74,0.59,1365,566
"1366",0.56,0.59,1366,566
"1367",-0.36,1.25,1367,567
"1368",-1.33,1.25,1368,567
"1369",-1.33,1.25,1369,567
"1370",0.26,1.06,1370,568
"1371",0.56,1.06,1371,568
"1372",-0.13,1.06,1372,568
"1373",0.74,1.06,1373,568
"1374",-1.33,0.88,1374,569
"1375",-0.58,0.88,1375,569
"1376",0.03,0.88,1376,569
"1377",-0.36,0.88,1377,569
"1378",0.03,0.88,1378,569
"1379",-0.13,0.88,1379,569
"1380",-1.33,0.88,1380,569
"1381",-1.33,0.88,1381,569
"1382",0.56,0.88,1382,569
"1383",1.14,0.71,1383,570
"1384",-0.36,0.71,1384,570
"1385",-1.33,0.71,1385,570
"1386",0.91,0.71,1386,570
"1387",0.74,0.71,1387,570
"1388",0.74,0.71,1388,570
"1389",-0.13,1.09,1389,571
"1390",0.16,1.09,1390,571
"1391",-0.58,1.09,1391,571
"1392",-1.33,1.09,1392,571
"1393",1.52,1.09,1393,571
"1394",0.56,1.09,1394,571
"1395",-1.33,1.09,1395,571
"1396",0.26,1.09,1396,571
"1397",1.52,1.09,1397,571
"1398",0.56,1.09,1398,571
"1399",-1.33,1.09,1399,571
"1400",-1.33,0.85,1400,572
"1401",-0.36,0.85,1401,572
"1402",-1.33,0.85,1402,572
"1403",0.26,0.85,1403,572
"1404",0.26,0.85,1404,572
"1405",-1.33,0.85,1405,572
"1406",0.74,0.85,1406,572
"1407",-1.33,0.85,1407,572
"1408",-1.33,0.7,1408,573
"1409",0.91,0.7,1409,573
"1410",0.91,0.7,1410,573
"1411",1.52,0.7,1411,573
"1412",0.03,0.7,1412,573
"1413",2.42,0.7,1413,573
"1414",-0.36,0.7,1414,573
"1415",0.26,0.7,1415,573
"1416",-0.13,0.7,1416,573
"1417",0.56,0.7,1417,573
"1418",0.39,1.26,1418,645
"1419",-0.36,1.26,1419,645
"1420",1.52,1.26,1420,645
"1421",1.52,1.26,1421,645
"1422",-0.36,1.26,1422,645
"1423",0.39,1.71,1423,646
"1424",0.91,1.71,1424,646
"1425",-0.36,1.71,1425,646
"1426",-0.58,1.71,1426,646
"1427",-0.36,1.71,1427,646
"1428",0.03,1.71,1428,646
"1429",0.26,1.71,1429,646
"1430",0.26,1.29,1430,647
"1431",0.91,1.29,1431,647
"1432",-1.33,1.29,1432,647
"1433",0.56,1.29,1433,647
"1434",-0.36,1.29,1434,647
"1435",-1.33,1.29,1435,647
"1436",0.74,1.29,1436,647
"1437",-0.13,1.29,1437,647
"1438",0.56,1.29,1438,647
"1439",2.42,1.29,1439,647
"1440",-0.13,1.29,1440,647
"1441",-0.58,1.29,1441,647
"1442",-0.58,1.29,1442,647
"1443",-0.13,1.27,1443,648
"1444",0.56,1.27,1444,648
"1445",-1.33,1.27,1445,648
"1446",0.56,1.27,1446,648
"1447",-1.33,1.27,1447,648
"1448",-0.36,1.27,1448,648
"1449",-1.33,1.27,1449,648
"1450",-1.33,1.27,1450,648
"1451",0.39,1.27,1451,648
"1452",-1.33,1.61,1452,650
"1453",0.74,1.61,1453,650
"1454",-0.13,1.61,1454,650
"1455",-1.33,1.61,1455,650
"1456",-0.36,1.61,1456,650
"1457",-1.33,1.2,1457,651
"1458",0.56,1.2,1458,651
"1459",0.91,1.2,1459,651
"1460",-0.36,0.77,1460,652
"1461",0.26,0.77,1461,652
"1462",0.39,0.77,1462,652
"1463",0.56,0.77,1463,652
"1464",0.03,0.77,1464,652
"1465",1.14,0.77,1465,652
"1466",-1.33,0.77,1466,652
"1467",2.42,0.77,1467,652
"1468",-0.36,0.77,1468,652
"1469",0.74,0.77,1469,652
"1470",0.56,0.77,1470,652
"1471",0.56,0.59,1471,653
"1472",1.52,0.59,1472,653
"1473",0.03,0.59,1473,653
"1474",-0.13,0.91,1474,654
"1475",1.14,0.91,1475,654
"1476",-0.36,0.91,1476,654
"1477",0.26,0.91,1477,654
"1478",0.26,0.91,1478,654
"1479",-1.33,0.91,1479,654
"1480",-1.33,0.91,1480,654
"1481",0.16,0.91,1481,654
"1482",0.03,0.91,1482,654
"1483",2.42,0.91,1483,654
"1484",0.91,1,1484,655
"1485",-0.13,1,1485,655
"1486",1.14,1,1486,655
"1487",-0.13,1,1487,655
"1488",0.74,1.16,1488,656
"1489",-1.33,1.16,1489,656
"1490",-1.33,1.16,1490,656
"1491",0.91,1.16,1491,656
"1492",-0.36,1.16,1492,656
"1493",-0.13,1.16,1493,656
"1494",0.74,1.16,1494,656
"1495",-0.36,1.16,1495,656
"1496",-0.58,1.16,1496,656
"1497",-1.33,1.14,1497,657
"1498",-1.33,1.14,1498,657
"1499",0.03,1.14,1499,657
"1500",0.16,1.14,1500,657
"1501",0.39,1.14,1501,657
"1502",-1.33,1.14,1502,657
"1503",-1.33,1.14,1503,657
"1504",1.52,1.14,1504,657
"1505",0.03,1.14,1505,657
"1506",-0.13,1.14,1506,657
"1507",0.56,1.14,1507,657
"1508",-1.33,1.14,1508,657
"1509",0.56,1.14,1509,657
"1510",2.42,1.14,1510,657
"1511",-0.13,0.79,1511,658
"1512",-1.33,0.79,1512,658
"1513",-1.33,0.79,1513,658
"1514",-0.36,0.79,1514,658
"1515",-1.33,0.79,1515,658
"1516",0.74,0.79,1516,658
"1517",0.56,0.79,1517,658
"1518",2.42,0.52,1518,659
"1519",0.39,0.52,1519,659
"1520",2.42,0.52,1520,659
"1521",0.39,0.52,1521,659
"1522",1.14,0.52,1522,659
"1523",1.14,0.52,1523,659
"1524",0.74,0.52,1524,659
"1525",1.52,0.52,1525,659
"1526",2.42,0.88,1526,660
"1527",0.74,0.88,1527,660
"1528",-0.58,0.88,1528,660
"1529",-1.33,0.88,1529,660
"1530",0.03,0.88,1530,660
"1531",0.74,0.68,1531,661
"1532",1.52,0.68,1532,661
"1533",0.39,0.68,1533,661
"1534",-0.36,0.68,1534,661
"1535",0.74,0.68,1535,661
"1536",0.39,0.68,1536,661
"1537",0.26,0.68,1537,661
"1538",0.74,0.68,1538,661
"1539",-1.33,0.68,1539,661
"1540",-0.36,0.68,1540,661
"1541",0.39,1.36,1541,662
"1542",0.74,1.36,1542,662
"1543",1.52,1.36,1543,662
"1544",0.16,0.86,1544,663
"1545",0.74,0.86,1545,663
"1546",0.91,0.86,1546,663
"1547",0.91,0.86,1547,663
"1548",-0.58,0.86,1548,663
"1549",0.03,0.86,1549,663
"1550",0.91,0.91,1550,664
"1551",0.39,0.91,1551,664
"1552",0.56,0.91,1552,664
"1553",1.52,0.91,1553,664
"1554",0.39,0.91,1554,664
"1555",-0.36,1.46,1555,665
"1556",0.26,1.46,1556,665
"1557",1.52,1.46,1557,665
"1558",-0.36,1.46,1558,665
"1559",-0.13,1.46,1559,665
"1560",-0.36,1.46,1560,665
"1561",-0.36,1.46,1561,665
"1562",-0.36,1.42,1562,666
"1563",-0.13,1.42,1563,666
"1564",0.03,1.42,1564,666
"1565",0.91,1.42,1565,666
"1566",2.42,1.23,1566,667
"1567",0.26,1.23,1567,667
"1568",0.26,1.23,1568,667
"1569",-0.36,1.23,1569,667
"1570",-1.33,1.23,1570,667
"1571",0.39,1.23,1571,667
"1572",0.56,1.23,1572,667
"1573",0.74,1.23,1573,667
"1574",0.03,1.23,1574,667
"1575",0.03,1.23,1575,667
"1576",0.03,1.23,1576,667
"1577",1.52,1.23,1577,667
"1578",0.16,1.23,1578,667
"1579",0.03,0.84,1579,668
"1580",-1.33,0.84,1580,668
"1581",0.91,0.84,1581,668
"1582",-1.33,0.84,1582,668
"1583",-0.36,1.19,1583,669
"1584",-0.36,1.19,1584,669
"1585",-0.36,0.73,1585,670
"1586",-1.33,0.73,1586,670
"1587",2.42,0.73,1587,670
"1588",0.39,0.73,1588,670
"1589",-1.33,0.73,1589,670
"1590",-1.33,0.73,1590,670
"1591",0.56,0.74,1591,671
"1592",0.56,0.74,1592,671
"1593",1.14,0.74,1593,671
"1594",0.03,1.08,1594,672
"1595",0.03,1.08,1595,672
"1596",0.56,1.08,1596,672
"1597",0.16,0.72,1597,673
"1598",0.91,0.72,1598,673
"1599",0.39,0.72,1599,673
"1600",-0.36,0.72,1600,673
"1601",0.39,0.72,1601,673
"1602",0.03,0.72,1602,673
"1603",-0.36,1.13,1603,674
"1604",1.52,1.13,1604,674
"1605",0.91,1.13,1605,674
"1606",-1.33,1.13,1606,674
"1607",-1.33,1.13,1607,674
"1608",-0.36,1.13,1608,674
"1609",0.74,0.9,1609,675
"1610",-0.36,0.9,1610,675
"1611",-1.33,0.9,1611,675
"1612",-0.36,0.9,1612,675
"1613",0.03,0.9,1613,675
"1614",0.56,0.9,1614,675
"1615",0.74,0.9,1615,675
"1616",0.74,0.9,1616,675
"1617",1.14,0.9,1617,675
"1618",1.52,0.9,1618,675
"1619",0.39,0.9,1619,675
"1620",0.39,0.9,1620,675
"1621",-0.58,0.86,1621,676
"1622",-0.13,0.86,1622,676
"1623",2.42,0.86,1623,676
"1624",-0.36,0.86,1624,676
"1625",1.14,0.86,1625,676
"1626",0.03,0.86,1626,676
"1627",-0.36,1.3,1627,677
"1628",-0.36,1.3,1628,677
"1629",-0.58,1.3,1629,677
"1630",0.74,1.3,1630,677
"1631",-0.36,1.03,1631,678
"1632",-1.33,1.03,1632,678
"1633",0.56,1.03,1633,678
"1634",1.52,1.03,1634,678
"1635",1.52,1.03,1635,678
"1636",0.74,1.03,1636,678
"1637",-0.36,1.03,1637,678
"1638",-0.36,1.03,1638,678
"1639",0.39,1.58,1639,679
"1640",0.39,1.58,1640,679
"1641",1.14,1.58,1641,679
"1642",-1.33,1.58,1642,679
"1643",-1.33,1.58,1643,679
"1644",0.39,1.58,1644,679
"1645",0.56,1.58,1645,679
"1646",-0.36,1.58,1646,679
"1647",-0.36,0.96,1647,680
"1648",-0.36,0.96,1648,680
"1649",-0.13,0.96,1649,680
"1650",1.14,0.96,1650,680
"1651",1.14,0.96,1651,680
"1652",-1.33,0.88,1652,681
"1653",-1.33,0.88,1653,681
"1654",-1.33,0.88,1654,681
"1655",-0.36,0.88,1655,681
"1656",0.56,0.88,1656,681
"1657",0.56,0.88,1657,681
"1658",0.39,0.88,1658,681
"1659",-1.33,0.88,1659,681
"1660",-1.33,0.88,1660,681
"1661",0.74,1.26,1661,682
"1662",-0.13,1.26,1662,682
"1663",-0.58,1.26,1663,682
"1664",0.74,1.26,1664,682
"1665",0.74,0.29,1665,683
"1666",0.39,0.29,1666,683
"1667",0.39,0.29,1667,683
"1668",0.74,0.1,1668,684
"1669",0.39,0.1,1669,684
"1670",-0.13,1.03,1670,687
"1671",-0.58,1.03,1671,687
"1672",-1.33,1.03,1672,687
"1673",0.56,1.03,1673,687
"1674",-1.33,1.03,1674,687
"1675",-0.36,1.03,1675,687
"1676",-0.36,1.03,1676,687
"1677",0.56,1.03,1677,687
"1678",-0.13,1.03,1678,687
"1679",0.74,1.03,1679,687
"1680",0.39,0.79,1680,688
"1681",0.26,0.79,1681,688
"1682",0.03,0.79,1682,688
"1683",-0.13,0.79,1683,688
"1684",0.03,0.79,1684,688
"1685",1.52,1.08,1685,689
"1686",0.39,1.08,1686,689
"1687",0.16,1.08,1687,689
"1688",-0.36,1.45,1688,690
"1689",-0.13,1.45,1689,690
"1690",2.42,2.28,1690,691
"1691",2.42,1.03,1691,693
"1692",-0.36,0.89,1692,694
"1693",-1.33,0.52,1693,695
"1694",-0.13,0.52,1694,695
"1695",2.42,0.52,1695,695
"1696",2.42,0.52,1696,695
"1697",0.39,0.62,1697,696
"1698",0.39,0.76,1698,699
"1699",-0.36,0.37,1699,701
"1700",1.52,0.37,1700,701
"1701",1.52,0.37,1701,701
"1702",-0.13,0.37,1702,701
"1703",1.14,0.37,1703,701
"1704",0.39,1.02,1704,703
"1705",0.39,1.02,1705,703
"1706",-1.33,1.02,1706,703
"1707",-1.33,1.02,1707,703
"1708",0.16,1.02,1708,703
"1709",-0.36,1.02,1709,704
"1710",-0.36,1.02,1710,704
"1711",-0.36,1.02,1711,704
"1712",-0.58,1.02,1712,704
"1713",-0.36,1.02,1713,704
"1714",-0.13,1.02,1714,704
"1715",-0.13,1.02,1715,704
"1716",-0.36,0.89,1716,705
"1717",-0.13,0.89,1717,705
"1718",0.39,0.89,1718,705
"1719",0.26,0.89,1719,705
"1720",0.91,0.89,1720,705
"1721",0.16,1.04,1721,706
"1722",0.91,1.04,1722,706
"1723",0.16,1.04,1723,706
"1724",0.16,1.04,1724,706
"1725",0.56,1.04,1725,706
"1726",-0.13,1.04,1726,706
"1727",1.14,1.04,1727,706
"1728",0.26,0.84,1728,707
"1729",-1.33,0.84,1729,707
"1730",0.56,0.84,1730,707
"1731",0.39,0.84,1731,707
"1732",0.91,0.84,1732,707
"1733",-1.33,0.84,1733,707
"1734",1.52,0.34,1734,708
"1735",0.56,0.81,1735,709
"1736",0.74,0.81,1736,709
"1737",0.39,0.81,1737,709
"1738",0.56,0.81,1738,709
"1739",0.56,0.81,1739,709
"1740",-0.13,0.81,1740,709
"1741",2.42,0.81,1741,709
"1742",-1.33,0.81,1742,709
"1743",-0.36,0.81,1743,709
"1744",-1.33,1.25,1744,710
"1745",0.91,1.25,1745,710
"1746",0.26,1.25,1746,710
"1747",1.52,1.25,1747,710
"1748",-0.13,1.25,1748,710
"1749",-1.33,1.25,1749,710
"1750",-0.13,1.25,1750,710
"1751",-1.33,1.25,1751,710
"1752",0.39,1.25,1752,710
"1753",1.14,1.25,1753,710
"1754",-1.33,1.25,1754,710
"1755",-0.13,1.25,1755,710
"1756",0.03,1.25,1756,710
"1757",-0.13,0.91,1757,711
"1758",0.74,0.91,1758,711
"1759",0.56,0.91,1759,711
"1760",0.03,0.91,1760,711
"1761",0.91,0.91,1761,711
"1762",-0.36,0.91,1762,711
"1763",-0.13,1.16,1763,712
"1764",-0.58,1.16,1764,712
"1765",0.16,1.16,1765,712
"1766",0.16,1.16,1766,712
"1767",0.91,1.16,1767,712
"1768",-0.13,1.16,1768,712
"1769",-0.13,1.16,1769,712
"1770",0.91,1.16,1770,712
"1771",1.14,1.16,1771,712
"1772",-1.33,1.16,1772,712
"1773",-1.33,1.16,1773,712
"1774",0.39,1.23,1774,713
"1775",0.74,1.23,1775,713
"1776",0.39,1.23,1776,713
"1777",0.03,1.23,1777,713
"1778",0.74,1.23,1778,713
"1779",0.03,1.23,1779,713
"1780",0.56,1.23,1780,713
"1781",0.03,1.23,1781,713
"1782",0.16,1.14,1782,714
"1783",1.52,1.14,1783,714
"1784",-1.33,1.14,1784,714
"1785",0.74,1.14,1785,714
"1786",-1.33,1.14,1786,714
"1787",-0.13,1.14,1787,714
"1788",-0.58,1.14,1788,714
"1789",0.39,1.14,1789,714
"1790",2.42,0.83,1790,715
"1791",-0.13,0.83,1791,715
"1792",-0.13,0.83,1792,715
"1793",0.26,0.83,1793,715
"1794",1.52,0.83,1794,715
"1795",-0.36,1.52,1795,716
"1796",-0.13,2.34,1796,717
"1797",0.16,2.34,1797,717
"1798",0.26,2.34,1798,717
"1799",-1.33,2.72,1799,718
"1800",0.16,1.68,1800,719
"1801",-0.36,1.68,1801,719
"1802",1.14,2.31,1802,721
"1803",0.91,2.31,1803,721
"1804",0.39,2.31,1804,721
"1805",0.03,2.31,1805,721
"1806",-0.58,1.18,1806,722
"1807",-1.33,1.18,1807,722
"1808",0.03,1.18,1808,722
"1809",-1.33,2.34,1809,723
"1810",-0.13,2.34,1810,723
"1811",0.74,2.34,1811,723
"1812",-1.33,2.34,1812,723
"1813",-1.33,2.34,1813,723
"1814",0.74,2.34,1814,723
"1815",-1.33,2.34,1815,723
"1816",0.56,0.82,1816,724
"1817",1.52,0.82,1817,724
"1818",2.42,0.82,1818,724
"1819",1.52,0.82,1819,724
"1820",0.74,0.82,1820,724
"1821",0.91,0.82,1821,724
"1822",0.16,0.64,1822,725
"1823",-0.13,0.98,1823,727
"1824",-0.13,0.98,1824,727
"1825",2.42,0.98,1825,727
"1826",0.26,0.98,1826,727
"1827",-0.36,0.98,1827,727
"1828",2.42,0.98,1828,727
"1829",0.39,1.17,1829,728
"1830",0.56,1.17,1830,728
"1831",0.26,1.17,1831,728
"1832",0.03,1.17,1832,728
"1833",1.14,1.17,1833,728
"1834",-0.58,1.47,1834,730
"1835",1.52,0.92,1835,731
"1836",1.52,0.92,1836,731
"1837",0.39,0.92,1837,731
"1838",2.42,0.92,1838,731
"1839",-1.33,1.3,1839,732
"1840",1.14,1.3,1840,732
"1841",-1.33,1.3,1841,732
"1842",0.91,1.3,1842,732
"1843",0.16,1.3,1843,732
"1844",2.42,1.3,1844,732
"1845",0.39,1.3,1845,732
"1846",-0.58,2.06,1846,733
"1847",0.74,2.06,1847,733
"1848",0.26,2.06,1848,733
"1849",1.52,2.06,1849,733
"1850",0.74,2.06,1850,733
"1851",-1.33,2.06,1851,733
"1852",-1.33,2.06,1852,733
"1853",-1.33,2.06,1853,733
"1854",-0.36,2.06,1854,733
"1855",0.74,1.8,1855,734
"1856",0.26,1.8,1856,734
"1857",1.52,1.8,1857,734
"1858",0.03,1.8,1858,734
"1859",-0.36,1.8,1859,734
"1860",-0.58,1.8,1860,734
"1861",0.03,1.8,1861,734
"1862",-1.33,1.42,1862,735
"1863",-0.36,1.42,1863,735
"1864",-0.58,1.42,1864,735
"1865",1.14,0.87,1865,736
"1866",0.91,0.87,1866,736
"1867",-0.13,0.87,1867,736
"1868",0.56,0.87,1868,736
"1869",-0.36,0.87,1869,736
"1870",0.56,0.03,1870,737
"1871",0.56,0.03,1871,737
"1872",2.42,0.03,1872,737
"1873",0.16,0.03,1873,737
"1874",0.74,0.03,1874,737
"1875",-0.13,0.98,1875,741
"1876",-1.33,0.98,1876,741
"1877",0.91,0.97,1877,742
"1878",0.91,0.5,1878,743
"1879",0.26,0.94,1879,744
"1880",-1.33,0.94,1880,744
"1881",0.03,0.94,1881,744
"1882",0.26,0.94,1882,744
"1883",-0.36,0.93,1883,745
"1884",-1.33,1.38,1884,746
"1885",-0.58,1.38,1885,746
"1886",0.16,1.38,1886,746
"1887",0.74,1.38,1887,746
"1888",-1.33,1.38,1888,746
"1889",-1.33,0.99,1889,747
"1890",0.74,0.99,1890,747
"1891",0.03,0.99,1891,747
"1892",0.91,0.99,1892,747
"1893",-1.33,0.99,1893,747
"1894",-1.33,1.04,1894,748
"1895",-1.33,1.04,1895,748
"1896",1.14,1.04,1896,748
"1897",0.39,0.97,1897,749
"1898",-0.13,0.97,1898,749
"1899",0.03,0.48,1899,750
"1900",0.03,0.48,1900,750
"1901",-0.36,0.48,1901,750
"1902",-1.33,1.18,1902,752
"1903",-1.33,1.18,1903,752
"1904",-0.36,1.18,1904,752
"1905",-0.58,1.18,1905,752
"1906",0.03,1.18,1906,752
"1907",1.52,0.76,1907,753
"1908",0.16,0.76,1908,753
"1909",0.56,0.76,1909,753
"1910",0.26,0.76,1910,753
"1911",0.74,0.76,1911,753
"1912",0.56,1.35,1912,766
"1913",-0.13,1.35,1913,766
"1914",0.26,2.1,1914,768
"1915",-0.13,2.1,1915,768
"1916",0.56,1.58,1916,769
"1917",-1.33,1.58,1917,769
"1918",-1.33,1.58,1918,769
"1919",-1.33,1.58,1919,769
"1920",0.16,1.58,1920,769
"1921",-0.13,1.34,1921,771
"1922",0.39,1.34,1922,771
"1923",-1.33,1.84,1923,772
"1924",-0.13,0.76,1924,773
"1925",1.52,1.5,1925,774
"1926",-0.58,1.5,1926,774
"1927",-0.13,1.05,1927,775
"1928",0.91,1.05,1928,775
"1929",-0.13,1.05,1929,775
"1930",-0.58,1.05,1930,775
"1931",-0.36,1.05,1931,775
"1932",-0.13,1.49,1932,776
"1933",0.16,1.49,1933,776
"1934",-1.33,1.49,1934,776
"1935",-1.33,1.49,1935,776
"1936",0.74,1.49,1936,776
"1937",-0.36,1.49,1937,776
"1938",-1.33,1.98,1938,777
"1939",-0.58,1.98,1939,777
"1940",-1.33,1.98,1940,777
"1941",0.16,1.09,1941,778
"1942",-0.58,1.09,1942,778
"1943",-0.36,1.09,1943,778
"1944",-0.58,1.09,1944,778
"1945",0.91,1.09,1945,778
"1946",0.56,1.09,1946,778
"1947",0.91,1.09,1947,778
"1948",0.39,1.61,1948,779
"1949",-0.36,1.61,1949,779
"1950",-0.36,1.61,1950,779
"1951",1.52,1.61,1951,779
"1952",0.16,1.61,1952,779
"1953",-0.13,1.61,1953,779
"1954",-0.58,1.61,1954,779
"1955",0.91,1.61,1955,779
"1956",0.03,1.1,1956,780
"1957",0.03,1.1,1957,780
"1958",-1.33,1.1,1958,780
"1959",1.52,2.38,1959,782
"1960",-1.33,2.38,1960,782
"1961",-1.33,2.38,1961,782
"1962",0.03,2.38,1962,782
"1963",0.56,2.38,1963,782
"1964",-1.33,0.84,1964,783
"1965",0.91,0.84,1965,783
"1966",-1.33,0.84,1966,783
"1967",1.14,1.08,1967,784
"1968",-1.33,1.08,1968,784
"1969",0.16,2.02,1969,785
"1970",-0.13,2.02,1970,785
"1971",-1.33,2.02,1971,785
"1972",0.39,2.02,1972,785
"1973",0.39,2.02,1973,785
"1974",1.52,2.02,1974,785
"1975",0.03,2.02,1975,785
"1976",0.26,2.02,1976,785
"1977",0.16,2.02,1977,785
"1978",-0.13,2.02,1978,785
"1979",-1.33,2.79,1979,786
"1980",-1.33,2.79,1980,786
"1981",-1.33,2.79,1981,786
"1982",-1.33,2.79,1982,786
"1983",-1.33,2.79,1983,786
"1984",0.03,2.79,1984,786
"1985",-0.36,1.9,1985,787
"1986",0.16,1.9,1986,787
"1987",0.03,1.08,1987,788
"1988",0.16,1.08,1988,788
"1989",-0.36,1.08,1989,788
"1990",-0.36,1.08,1990,788
"1991",1.52,1.08,1991,788
"1992",-1.33,1.95,1992,789
"1993",-1.33,1.95,1993,789
"1994",-0.58,1.95,1994,789
"1995",0.16,1.95,1995,789
"1996",0.16,1.95,1996,789
"1997",-1.33,1.95,1997,789
"1998",-1.33,1.75,1998,790
"1999",-0.13,1.75,1999,790
"2000",-1.33,1.75,2000,790
"2001",-1.33,1.75,2001,790
"2002",0.16,1.32,2002,791
"2003",0.03,0.99,2003,792
"2004",0.39,0.99,2004,792
"2005",-1.33,0.99,2005,792
"2006",1.52,0.99,2006,792
"2007",-1.33,0.99,2007,792
"2008",1.52,0.99,2008,792
"2009",-0.36,2.24,2009,793
"2010",-1.33,2.24,2010,793
"2011",-0.58,2.24,2011,793
"2012",-1.33,2.24,2012,793
"2013",0.03,2.24,2013,793
"2014",0.16,2.24,2014,793
"2015",-0.36,2.24,2015,793
"2016",-1.33,2.24,2016,793
"2017",-0.36,3.41,2017,794
"2018",0.56,3.41,2018,794
"2019",-1.33,3.41,2019,794
"2020",-0.13,3.41,2020,794
"2021",-1.33,3.41,2021,794
"2022",-1.33,3.41,2022,794
"2023",-0.36,3.41,2023,794
"2024",0.03,3.41,2024,794
"2025",-1.33,3.41,2025,794
"2026",-1.33,3.41,2026,794
"2027",-0.36,3.41,2027,794
"2028",-1.33,3.41,2028,794
"2029",-1.33,3.41,2029,794
"2030",-0.36,3.41,2030,794
"2031",-0.36,2.47,2031,795
"2032",-1.33,2.47,2032,795
"2033",-0.58,1.85,2033,796
"2034",0.74,1.85,2034,796
"2035",0.39,1.85,2035,796
"2036",-1.33,1.85,2036,796
"2037",-0.36,1.85,2037,796
"2038",0.03,1.85,2038,796
"2039",0.03,1.85,2039,796
"2040",0.91,1.85,2040,796
"2041",-1.33,1.85,2041,796
"2042",-0.13,1.68,2042,797
"2043",-1.33,1.68,2043,797
"2044",-1.33,1.68,2044,797
"2045",-0.13,1.68,2045,797
"2046",-1.33,1.68,2046,797
"2047",-0.58,1.15,2047,798
"2048",0.91,1.15,2048,798
"2049",0.91,1.15,2049,798
"2050",0.39,1.15,2050,798
"2051",0.56,1.15,2051,798
"2052",0.56,1.15,2052,798
"2053",0.39,1.15,2053,798
"2054",0.16,1.15,2054,798
"2055",-0.36,1.15,2055,798
"2056",-0.36,1.15,2056,798
"2057",-0.13,0.73,2057,799
"2058",-1.33,0.73,2058,799
"2059",1.14,1.69,2059,800
"2060",-0.36,1.69,2060,800
"2061",0.26,1.27,2061,801
"2062",1.14,1.27,2062,801
"2063",-0.36,1.45,2063,803
"2064",-1.33,1.45,2064,803
"2065",-0.13,1.45,2065,803
"2066",-1.33,1.45,2066,803
"2067",0.03,3.52,2067,804
"2068",-0.36,3.52,2068,804
"2069",-0.13,3.52,2069,804
"2070",-0.36,2.04,2070,805
"2071",0.39,2.04,2071,805
"2072",-1.33,1.24,2072,807
"2073",-1.33,1.24,2073,807
"2074",0.03,1.24,2074,807
"2075",-1.33,1.24,2075,807
"2076",0.56,1.24,2076,807
"2077",0.26,1.24,2077,807
"2078",0.03,1.12,2078,808
"2079",0.56,1.12,2079,808
"2080",-0.36,1.12,2080,808
"2081",2.42,1.17,2081,809
"2082",0.39,1.17,2082,809
"2083",-1.33,1.17,2083,809
"2084",-1.33,1.17,2084,809
"2085",0.56,1.17,2085,809
"2086",0.56,1.17,2086,809
"2087",0.56,1.17,2087,809
"2088",-0.58,1.42,2088,812
"2089",-1.33,1.17,2089,813
"2090",-1.33,1.17,2090,813
"2091",1.14,0.8,2091,814
"2092",-0.13,1.45,2092,815
"2093",-1.33,1.45,2093,815
"2094",-0.36,1.99,2094,816
"2095",-0.36,1.99,2095,816
"2096",0.39,1.99,2096,816
"2097",-1.33,1.99,2097,816
"2098",-1.33,2.75,2098,817
"2099",0.56,2.75,2099,817
"2100",-1.33,2.75,2100,817
"2101",0.91,1.3,2101,818
"2102",-1.33,1.3,2102,818
"2103",0.03,1.3,2103,818
"2104",0.56,1.3,2104,818
"2105",-1.33,1.3,2105,818
"2106",-1.33,1.18,2106,819
"2107",-0.36,1.18,2107,819
"2108",0.39,1.18,2108,819
"2109",-0.58,1.18,2109,819
"2110",0.26,1.18,2110,819
"2111",0.56,1.47,2111,821
"2112",0.03,1.47,2112,821
"2113",0.74,1.24,2113,822
"2114",-1.33,1.24,2114,822
"2115",1.52,1.24,2115,822
"2116",-1.33,1.24,2116,822
"2117",1.52,1.24,2117,822
"2118",-1.33,1.24,2118,822
"2119",-1.33,1.24,2119,822
"2120",0.39,1.24,2120,822
"2121",0.56,1.24,2121,822
"2122",0.39,1.24,2122,822
"2123",1.52,1.24,2123,822
"2124",-1.33,1.24,2124,822
"2125",-1.33,1.24,2125,822
"2126",-0.58,1.61,2126,823
"2127",-1.33,1.61,2127,823
"2128",-0.58,1.61,2128,823
"2129",0.16,1.61,2129,823
"2130",-1.33,1.61,2130,823
"2131",-1.33,1.61,2131,823
"2132",0.03,1.61,2132,823
"2133",0.39,1.61,2133,823
"2134",-1.33,1.61,2134,823
"2135",1.52,1.61,2135,823
"2136",1.14,1.2,2136,824
"2137",-0.13,1.2,2137,824
"2138",0.26,1.2,2138,824
"2139",-0.58,1.2,2139,824
"2140",0.56,1.2,2140,824
"2141",-1.33,1.2,2141,824
"2142",0.39,1.2,2142,824
"2143",-1.33,1.2,2143,824
"2144",0.03,1.2,2144,824
"2145",-0.13,1.2,2145,824
"2146",0.16,1.79,2146,825
"2147",-1.33,1.79,2147,825
"2148",-1.33,1.79,2148,825
"2149",0.16,1.79,2149,825
"2150",-1.33,1.79,2150,825
"2151",1.14,1.19,2151,826
"2152",-0.58,1.19,2152,826
"2153",0.03,1.19,2153,826
"2154",0.26,1.19,2154,826
"2155",1.14,1.19,2155,826
"2156",-0.36,0.97,2156,827
"2157",1.14,0.97,2157,827
"2158",0.56,0.97,2158,827
"2159",0.39,0.97,2159,827
"2160",-1.33,0.97,2160,827
"2161",-0.13,1.03,2161,828
"2162",-1.33,1.03,2162,828
"2163",0.26,1.03,2163,828
"2164",-0.13,1.03,2164,828
"2165",1.14,1.03,2165,828
"2166",-1.33,1.07,2166,829
"2167",0.16,1.07,2167,829
"2168",-1.33,1.07,2168,829
"2169",1.52,0.58,2169,831
"2170",0.26,0.58,2170,831
"2171",-0.36,0.58,2171,831
"2172",-1.33,1.05,2172,832
"2173",1.14,0.81,2173,833
"2174",2.42,0.96,2174,834
"2175",-1.33,0.57,2175,835
"2176",0.74,0.57,2176,835
"2177",0.39,0.39,2177,836
"2178",0.26,0.39,2178,836
"2179",-1.33,0.39,2179,836
"2180",1.14,0.39,2180,836
"2181",0.16,0.26,2181,837
"2182",0.56,0.26,2182,837
"2183",1.14,0.26,2183,837
"2184",-1.33,0.64,2184,838
"2185",-0.36,0.64,2185,838
"2186",-0.13,0.64,2186,838
"2187",0.03,0.64,2187,838
"2188",-1.33,0.66,2188,839
"2189",-0.36,0.66,2189,839
"2190",0.56,0.66,2190,839
"2191",-1.33,0.75,2191,840
"2192",0.26,1.76,2192,861
"2193",0.91,1.76,2193,861
"2194",0.16,1.76,2194,861
"2195",-0.13,1.76,2195,861
"2196",-0.36,3.58,2196,862
"2197",0.56,0.92,2197,863
"2198",0.74,0.92,2198,863
"2199",0.39,0.92,2199,863
"2200",-0.36,0.92,2200,863
"2201",0.56,0.92,2201,863
"2202",0.56,0.92,2202,863
"2203",0.39,0.92,2203,863
"2204",1.52,0.92,2204,863
"2205",0.74,1,2205,864
"2206",0.74,1,2206,864
"2207",-0.13,1,2207,864
"2208",-0.36,1,2208,864
"2209",0.91,0.56,2209,865
"2210",1.52,0.56,2210,865
"2211",2.42,0.56,2211,865
"2212",2.42,0.56,2212,865
"2213",-0.13,0.56,2213,865
"2214",0.16,0.43,2214,866
"2215",0.26,0.43,2215,866
"2216",2.42,0.43,2216,866
"2217",-0.36,0.43,2217,866
"2218",-0.58,1.48,2218,867
"2219",1.52,0.38,2219,1057
"2220",-0.13,0.38,2220,1057
"2221",2.42,0.38,2221,1057
"2222",2.42,0.47,2222,1058
"2223",1.52,0.47,2223,1058
"2224",-0.36,0.24,2224,1059
"2225",1.52,0.24,2225,1059
"2226",0.56,0.24,2226,1059
"2227",-1.33,0.41,2227,1060
"2228",0.16,0.41,2228,1060
"2229",0.74,0.41,2229,1060
"2230",1.14,0.14,2230,1061
"2231",2.42,0.14,2231,1061
"2232",2.42,0.14,2232,1061
"2233",0.91,0.6,2233,1062
"2234",2.42,0.6,2234,1062
"2235",1.52,0.6,2235,1062
"2236",2.42,0.6,2236,1062
"2237",1.52,0.6,2237,1062
"2238",0.39,0.6,2238,1062
"2239",-0.36,0.57,2239,1063
"2240",1.52,0.57,2240,1063
"2241",0.91,0.57,2241,1063
"2242",2.42,0.57,2242,1063
"2243",0.39,1.08,2243,1064
"2244",0.74,1.08,2244,1064
"2245",0.26,1.08,2245,1064
"2246",-1.33,1.08,2246,1064
"2247",-0.36,1.08,2247,1064
"2248",0.91,0.6,2248,1065
"2249",-0.36,0.6,2249,1065
"2250",0.26,0.6,2250,1065
"2251",0.39,1.13,2251,1066
"2252",2.42,1.13,2252,1066
"2253",-0.13,1.13,2253,1066
"2254",-0.36,1.82,2254,1067
"2255",-0.13,1.82,2255,1067
"2256",-0.58,1.04,2256,1068
"2257",-0.36,0.62,2257,1069
"2258",-0.13,0.62,2258,1069
"2259",0.39,0.79,2259,1070
"2260",-0.36,0.79,2260,1070
"2261",0.74,0.79,2261,1070
"2262",-0.36,0.79,2262,1071
"2263",0.74,0.79,2263,1071
"2264",0.91,0.68,2264,1072
"2265",0.16,0.68,2265,1072
"2266",0.03,0.68,2266,1072
"2267",0.56,0.68,2267,1072
"2268",0.74,0.68,2268,1072
"2269",-0.36,0.68,2269,1072
"2270",0.39,0.68,2270,1072
"2271",0.39,0.52,2271,1073
"2272",1.52,0.52,2272,1073
"2273",-0.13,0.52,2273,1073
"2274",0.91,0.52,2274,1073
"2275",0.56,0.52,2275,1073
"2276",0.56,0.52,2276,1073
"2277",0.74,0.52,2277,1073
"2278",0.74,0.52,2278,1073
"2279",0.74,0.52,2279,1073
"2280",0.74,0.52,2280,1073
"2281",2.42,1.59,2281,1074
"2282",0.91,1.59,2282,1074
"2283",-0.58,1.59,2283,1074
"2284",-0.36,1.59,2284,1074
"2285",-0.36,1.59,2285,1074
"2286",1.52,0.26,2286,1075
"2287",1.14,0.26,2287,1075
"2288",1.14,0.26,2288,1075
"2289",2.42,0.26,2289,1075
"2290",2.42,0.26,2290,1075
"2291",-1.33,1.23,2291,1077
"2292",1.14,0.67,2292,1078
"2293",0.16,0.67,2293,1078
"2294",1.14,0.73,2294,1079
"2295",1.14,0.73,2295,1079
"2296",2.42,0.2,2296,1087
"2297",1.14,0.4,2297,1088
"2298",0.39,0.4,2298,1088
"2299",2.42,0.4,2299,1088
"2300",1.52,0.58,2300,1090
"2301",1.52,0.78,2301,1091
"2302",0.39,0.93,2302,1092
"2303",0.16,0.71,2303,1095
"2304",0.74,0.71,2304,1095
"2305",1.14,0.71,2305,1095
"2306",1.52,0.91,2306,1096
"2307",1.52,0.91,2307,1096
"2308",2.42,0.91,2308,1096
"2309",1.14,0.49,2309,1097
"2310",1.52,0.79,2310,1098
