"","diabete","chomage","inseali"
"1",5,12.6,20.1
"2",15.2,9.6,7.1
"3",5.2,14.3,16.1
"4",5.2,10.9,14.9
"5",6.9,14.3,16.7
"6",3.7,9.6,8.8
"7",5.1,9.2,9.7
"8",5.4,11.2,10.3
"9",7.3,19.1,22.2
"10",4.9,14.2,16.2
"11",4.5,14.1,12.1
"12",6,7,10.3
"13",5,9.6,14.5
"14",5,10.4,12.4
"15",3.6,11.4,9.6
"16",3.4,6.5,12.2
"17",4,8.4,10.8
"18",5,13,14.7
"19",6.1,11.9,19.7
"20",4.2,8.4,11.2
"21",4.4,11,10.1
"22",3.9,9.5,11
"23",4.7,9.9,12.2
"24",3.7,6.1,9.2
"25",5.5,11.7,23.5
"26",4.5,11.2,9.4
"27",4.6,7.1,15.3
"28",2.7,6.6,9.6
"29",5,14.9,11.1
"30",3.9,9.9,5.3
"31",6.2,9.3,7.8
"32",7.1,10.8,25.3
"33",6,10.1,16.5
"34",4,13.2,12.6
"35",2.7,4.3,12
"36",5,8.8,11.5
"37",4.3,9.9,17.1
"38",5.5,11,11.2
"39",4.7,9.4,12.2
"40",4.9,12.9,10.6
"41",6.1,11.9,19.9
"42",2.9,7.1,14.5
"43",5.1,13.6,15.5
"44",5.5,12.5,17.4
"45",3,7.9,8.4
"46",4.5,8.7,10.3
"47",4,10.4,10.2
"48",5.8,10.2,12.5
"49",7.2,10.6,16.7
"50",3.1,6.9,8.5
"51",4.6,6.3,12.2
